1.98620322e+00 2.82220815e-01 6.49652736e-04 1.59677915e-02 -1.34158812e-02 -1.17166251e-01 5.42418295e-01 5.73332459e-01 1.47290001e-02 -1.51301626e-02
2.82220815e-01 6.81999148e-02 -5.57527215e-04 2.06572085e-03 -3.24418223e-03 -1.83494238e-02 8.50423475e-02 8.93412797e-02 9.86967581e-03 -1.40742103e-02
6.49652736e-04 -5.57527215e-04 2.99179043e-04 -1.24862352e-04 9.13883844e-05 -2.97977132e-05 -3.81341582e-04 -1.92290340e-04 4.03808100e-05 4.24709095e-04
1.59677915e-02 2.06572085e-03 -1.24862352e-04 5.36875861e-04 -1.09620635e-04 -7.95442124e-04 4.87871443e-03 5.07349242e-03 -1.07632979e-05 -5.16554197e-05
-1.34158812e-02 -3.24418223e-03 9.13883844e-05 -1.09620635e-04 4.29474808e-04 8.87850754e-04 -4.67768086e-03 -4.83733065e-03 -5.64042023e-04 7.60057908e-04
-1.17166251e-01 -1.83494238e-02 -2.97977132e-05 -7.95442124e-04 8.87850754e-04 8.19402630e-03 -3.51501771e-02 -3.70777317e-02 -1.29777778e-03 1.58632676e-03
5.42418295e-01 8.50423475e-02 -3.81341582e-04 4.87871443e-03 -4.67768086e-03 -3.51501771e-02 1.63814284e-01 1.72446675e-01 6.05096585e-03 -7.47515113e-03
5.73332459e-01 8.93412797e-02 -1.92290340e-04 5.07349242e-03 -4.83733065e-03 -3.70777317e-02 1.72446675e-01 1.82094050e-01 6.49667310e-03 -7.44141819e-03
1.47290001e-02 9.86967581e-03 4.03808100e-05 -1.07632979e-05 -5.64042023e-04 -1.29777778e-03 6.05096585e-03 6.49667310e-03 3.22598382e-03 -3.88414776e-03
-1.51301626e-02 -1.40742103e-02 4.24709095e-04 -5.16554197e-05 7.60057908e-04 1.58632676e-03 -7.47515113e-03 -7.44141819e-03 -3.88414776e-03 6.15815386e-03
