4.13738654e-01 -1.30604437e-02 -2.65910669e-04 5.04364231e-03 -1.55303029e-03 -2.35444915e-02 1.15714990e-01 1.21926552e-01 2.82162190e-03 -2.44579733e-03
-1.30604437e-02 1.97310756e-03 -2.52681654e-04 -3.44565257e-05 -2.24659270e-05 1.09732579e-03 -3.22679557e-03 -4.01965224e-03 -2.08589950e-04 -6.90836718e-04
-2.65910669e-04 -2.52681654e-04 5.38392064e-04 -7.76366063e-05 1.81759288e-04 1.56861522e-04 -2.31535162e-04 4.19864991e-05 2.85040257e-04 3.40166884e-04
5.04364231e-03 -3.44565257e-05 -7.76366063e-05 7.18963092e-04 -6.85519749e-05 -3.10173022e-04 1.83580804e-03 1.71171091e-03 1.67237203e-04 -2.20128196e-04
-1.55303029e-03 -2.24659270e-05 1.81759288e-04 -6.85519749e-05 6.08829615e-04 1.25883922e-04 -8.18098080e-04 -6.63802072e-04 -2.14049986e-04 1.67722060e-04
-2.35444915e-02 1.09732579e-03 1.56861522e-04 -3.10173022e-04 1.25883922e-04 2.43144008e-03 -7.04726946e-03 -7.01952556e-03 -9.71932645e-06 2.56215737e-04
1.15714990e-01 -3.22679557e-03 -2.31535162e-04 1.83580804e-03 -8.18098080e-04 -7.04726946e-03 3.69977528e-02 3.83436273e-02 6.06387544e-04 -9.29593993e-04
1.21926552e-01 -4.01965224e-03 4.19864991e-05 1.71171091e-03 -6.63802072e-04 -7.01952556e-03 3.83436273e-02 4.12663559e-02 1.05553444e-03 -4.48794456e-04
2.82162190e-03 -2.08589950e-04 2.85040257e-04 1.67237203e-04 -2.14049986e-04 -9.71932645e-06 6.06387544e-04 1.05553444e-03 9.27396893e-04 1.67926312e-04
-2.44579733e-03 -6.90836718e-04 3.40166884e-04 -2.20128196e-04 1.67722060e-04 2.56215737e-04 -9.29593993e-04 -4.48794456e-04 1.67926312e-04 1.04905051e-03
