6.28264207e-02 -2.15407459e-03 2.21469531e-04 1.57109295e-03 1.19480020e-04 -3.90987573e-03 2.06781912e-02 2.13113810e-02 1.51886343e-05 2.71843033e-04
-2.15407459e-03 1.54584225e-03 -1.90288131e-04 -4.78773347e-05 -2.21468048e-05 4.32333715e-04 -5.02387902e-04 -1.17462057e-03 -1.13040196e-04 -6.83842555e-04
2.21469531e-04 -1.90288131e-04 6.88792596e-04 -7.14793340e-06 2.29676415e-04 2.38081587e-04 7.45302670e-05 3.60835370e-04 3.40826105e-04 3.60842447e-04
1.57109295e-03 -4.78773347e-05 -7.14793340e-06 8.85433430e-04 -4.39886156e-05 -1.95045223e-04 8.37957882e-04 5.77684097e-04 1.59869077e-04 -1.57218275e-04
1.19480020e-04 -2.21468048e-05 2.29676415e-04 -4.39886156e-05 7.80234221e-04 7.17168059e-05 -2.01814946e-04 7.32946441e-05 -2.55339161e-04 2.07031452e-04
-3.90987573e-03 4.32333715e-04 2.38081587e-04 -1.95045223e-04 7.17168059e-05 1.51599526e-03 -1.37012375e-03 -8.27793893e-04 1.24526881e-04 2.31143748e-04
2.06781912e-02 -5.02387902e-04 7.45302670e-05 8.37957882e-04 -2.01814946e-04 -1.37012375e-03 9.35933931e-03 8.94729889e-03 -2.56144459e-04 -8.59786188e-05
2.13113810e-02 -1.17462057e-03 3.60835370e-04 5.77684097e-04 7.32946441e-05 -8.27793893e-04 8.94729889e-03 1.05699622e-02 1.92297996e-04 5.58551413e-04
1.51886343e-05 -1.13040196e-04 3.40826105e-04 1.59869077e-04 -2.55339161e-04 1.24526881e-04 -2.56144459e-04 1.92297996e-04 1.16761725e-03 2.07035276e-04
2.71843033e-04 -6.83842555e-04 3.60842447e-04 -1.57218275e-04 2.07031452e-04 2.31143748e-04 -8.59786188e-05 5.58551413e-04 2.07035276e-04 1.27978871e-03
