1.31790948e+00 5.88536302e-01 5.79223690e-03 1.14615442e-02 -1.16792337e-02 -9.02226868e-02 4.01262382e-01 4.20616605e-01 1.83308988e-03 -2.16187966e-03
5.88536302e-01 3.72829678e-01 2.80270351e-03 4.99069815e-03 -8.64546905e-03 -4.72017474e-02 2.04905336e-01 2.16699765e-01 2.79953480e-02 -3.68579780e-02
5.79223690e-03 2.80270351e-03 2.74777171e-04 -1.42221994e-06 -1.18352367e-05 -3.88891182e-04 1.52498939e-03 1.72556508e-03 9.77324747e-05 1.97922518e-04
1.14615442e-02 4.99069815e-03 -1.42221994e-06 4.38081248e-04 -7.37019728e-05 -6.56641578e-04 3.89750423e-03 4.00868207e-03 -7.23659263e-05 9.18924702e-05
-1.16792337e-02 -8.64546905e-03 -1.18352367e-05 -7.37019728e-05 4.45290313e-04 9.99880180e-04 -4.73565657e-03 -4.95524876e-03 -9.30181595e-04 1.26012637e-03
-9.02226868e-02 -4.72017474e-02 -3.88891182e-04 -6.56641578e-04 9.99880180e-04 7.73891565e-03 -3.17353093e-02 -3.33568724e-02 -1.56854866e-03 2.20026478e-03
4.01262382e-01 2.04905336e-01 1.52498939e-03 3.89750423e-03 -4.73565657e-03 -3.17353093e-02 1.40066074e-01 1.46712675e-01 6.29093276e-03 -8.46202997e-03
4.20616605e-01 2.16699765e-01 1.72556508e-03 4.00868207e-03 -4.95524876e-03 -3.33568724e-02 1.46712675e-01 1.54187123e-01 7.25765276e-03 -9.33830145e-03
1.83308988e-03 2.79953480e-02 9.77324747e-05 -7.23659263e-05 -9.30181595e-04 -1.56854866e-03 6.29093276e-03 7.25765276e-03 9.00976508e-03 -1.11287188e-02
-2.16187966e-03 -3.68579780e-02 1.97922518e-04 9.18924702e-05 1.26012637e-03 2.20026478e-03 -8.46202997e-03 -9.33830145e-03 -1.11287188e-02 1.49014432e-02
