1.22619179e+00 2.34350551e-02 -1.09526130e-03 1.11596127e-02 -6.61308163e-03 -6.87895797e-02 3.28392694e-01 3.47357044e-01 9.77769272e-03 -9.47830964e-03
2.34350551e-02 6.04413639e-03 -4.82953008e-04 3.28523131e-04 -4.88405511e-04 -1.20531815e-03 8.07062109e-03 7.81847409e-03 1.22512759e-03 -2.87530655e-03
-1.09526130e-03 -4.82953008e-04 4.19203626e-04 -1.43819114e-04 1.49106010e-04 1.09372965e-04 -6.89642532e-04 -4.39695087e-04 1.90802438e-04 3.91114530e-04
1.11596127e-02 3.28523131e-04 -1.43819114e-04 6.25107960e-04 -1.01010621e-04 -5.58428162e-04 3.54049046e-03 3.59738936e-03 1.38292542e-04 -2.32574017e-04
-6.61308163e-03 -4.88405511e-04 1.49106010e-04 -1.01010621e-04 4.93828138e-04 4.00242542e-04 -2.44450121e-03 -2.44000657e-03 -2.82101643e-04 3.01662984e-04
-6.87895797e-02 -1.20531815e-03 1.09372965e-04 -5.58428162e-04 4.00242542e-04 4.95905003e-03 -1.99067966e-02 -2.08131036e-02 -4.71496690e-04 6.49505019e-04
3.28392694e-01 8.07062109e-03 -6.89642532e-04 3.54049046e-03 -2.44450121e-03 -1.99067966e-02 9.74395946e-02 1.02379467e-01 2.87925236e-03 -3.47037115e-03
3.47357044e-01 7.81847409e-03 -4.39695087e-04 3.59738936e-03 -2.44000657e-03 -2.08131036e-02 1.02379467e-01 1.08596462e-01 3.32626576e-03 -3.12931966e-03
9.77769272e-03 1.22512759e-03 1.90802438e-04 1.38292542e-04 -2.82101643e-04 -4.71496690e-04 2.87925236e-03 3.32626576e-03 1.12355315e-03 -5.40081741e-04
-9.47830964e-03 -2.87530655e-03 3.91114530e-04 -2.32574017e-04 3.01662984e-04 6.49505019e-04 -3.47037115e-03 -3.12931966e-03 -5.40081741e-04 1.87640868e-03
