7.67901564e-01 4.87850010e-01 5.36956060e-03 7.10101769e-03 -7.62555611e-03 -5.68967847e-02 2.48795881e-01 2.59081364e-01 -4.47912457e-03 4.77749527e-03
4.87850010e-01 4.53079454e-01 4.40239631e-03 4.70293765e-03 -8.64617710e-03 -4.46034484e-02 1.88836940e-01 1.99871005e-01 2.87218462e-02 -3.74404955e-02
5.36956060e-03 4.40239631e-03 2.36512132e-04 3.72167181e-05 -4.56522416e-05 -4.13250608e-04 1.75662266e-03 1.92758179e-03 1.45939832e-04 3.65016060e-05
7.10101769e-03 4.70293765e-03 3.72167181e-05 3.23657781e-04 -4.45832860e-05 -4.38899182e-04 2.63191248e-03 2.68764687e-03 -3.19278974e-05 7.24111323e-05
-7.62555611e-03 -8.64617710e-03 -4.56522416e-05 -4.45832860e-05 3.62826392e-04 7.67193302e-04 -3.49555676e-03 -3.67934985e-03 -8.45817152e-04 1.13605265e-03
-5.68967847e-02 -4.46034484e-02 -4.13250608e-04 -4.38899182e-04 7.67193302e-04 5.59785733e-03 -2.22290662e-02 -2.32987562e-02 -1.22575843e-03 1.82864267e-03
2.48795881e-01 1.88836940e-01 1.75662266e-03 2.63191248e-03 -3.49555676e-03 -2.22290662e-02 9.56599494e-02 9.98722626e-02 4.68110469e-03 -6.49966902e-03
2.59081364e-01 1.99871005e-01 1.92758179e-03 2.68764687e-03 -3.67934985e-03 -2.32987562e-02 9.98722626e-02 1.04734476e-01 5.77373547e-03 -7.62981489e-03
-4.47912457e-03 2.87218462e-02 1.45939832e-04 -3.19278974e-05 -8.45817152e-04 -1.22575843e-03 4.68110469e-03 5.77373547e-03 9.61106532e-03 -1.17195515e-02
4.77749527e-03 -3.74404955e-02 3.65016060e-05 7.24111323e-05 1.13605265e-03 1.82864267e-03 -6.49966902e-03 -7.62981489e-03 -1.17195515e-02 1.51865826e-02
