9.19652648e-01 9.43066292e-03 -7.14582267e-04 8.96412437e-03 -4.69209892e-03 -5.18420672e-02 2.49021453e-01 2.63191136e-01 7.25636303e-03 -6.87099733e-03
9.43066292e-03 3.89078287e-03 -3.96524020e-04 2.32613235e-04 -2.96709423e-04 -3.05868907e-04 3.81709946e-03 3.36453446e-03 5.93134938e-04 -1.92792816e-03
-7.14582267e-04 -3.96524020e-04 4.45198315e-04 -1.23315568e-04 1.55582910e-04 1.12636300e-04 -5.07323475e-04 -2.49500028e-04 2.20036709e-04 3.65840526e-04
8.96412437e-03 2.32613235e-04 -1.23315568e-04 6.36445851e-04 -9.01272518e-05 -4.68456820e-04 2.93895143e-03 2.93867788e-03 1.52296531e-04 -2.36268952e-04
-4.69209892e-03 -2.96709423e-04 1.55582910e-04 -9.01272518e-05 5.15840439e-04 2.90805609e-04 -1.83781907e-03 -1.78739457e-03 -2.47044314e-04 2.38901726e-04
-5.18420672e-02 -3.05868907e-04 1.12636300e-04 -4.68456820e-04 2.90805609e-04 3.98608330e-03 -1.51415640e-02 -1.57171016e-02 -2.94560923e-04 4.83118984e-04
2.49021453e-01 3.81709946e-03 -5.07323475e-04 2.93895143e-03 -1.83781907e-03 -1.51415640e-02 7.51356193e-02 7.87633567e-02 2.05323354e-03 -2.51349214e-03
2.63191136e-01 3.36453446e-03 -2.49500028e-04 2.93867788e-03 -1.78739457e-03 -1.57171016e-02 7.87633567e-02 8.37187572e-02 2.49495837e-03 -2.13565902e-03
7.25636303e-03 5.93134938e-04 2.20036709e-04 1.52296531e-04 -2.47044314e-04 -2.94560923e-04 2.05323354e-03 2.49495837e-03 9.89228881e-04 -2.35204081e-04
-6.87099733e-03 -1.92792816e-03 3.65840526e-04 -2.36268952e-04 2.38901726e-04 4.83118984e-04 -2.51349214e-03 -2.13565902e-03 -2.35204081e-04 1.47766494e-03
