1.79805455e+00 6.83441457e-02 -1.62644180e-03 1.49083398e-02 -1.04267184e-02 -1.00648074e-01 4.75956486e-01 5.03889169e-01 1.45100079e-02 -1.42729379e-02
6.83441457e-02 1.29258497e-02 -6.47839687e-04 5.67800068e-04 -1.02236436e-03 -4.09437131e-03 2.12013128e-02 2.16638731e-02 3.03134238e-03 -5.37927076e-03
-1.62644180e-03 -6.47839687e-04 3.59752037e-04 -1.64038095e-04 1.31254776e-04 1.02730922e-04 -9.60716330e-04 -7.44688697e-04 1.18233891e-04 4.26675710e-04
1.49083398e-02 5.67800068e-04 -1.64038095e-04 5.91597394e-04 -1.13915884e-04 -7.12381396e-04 4.52377549e-03 4.68280350e-03 8.80606903e-05 -1.82866312e-04
-1.04267184e-02 -1.02236436e-03 1.31254776e-04 -1.13915884e-04 4.45176308e-04 6.30701243e-04 -3.61325874e-03 -3.69368539e-03 -3.65453962e-04 4.53078762e-04
-1.00648074e-01 -4.09437131e-03 1.02730922e-04 -7.12381396e-04 6.30701243e-04 6.79186996e-03 -2.88784522e-02 -3.04118668e-02 -8.58377197e-04 1.01798755e-03
4.75956486e-01 2.12013128e-02 -9.60716330e-04 4.52377549e-03 -3.61325874e-03 -2.88784522e-02 1.38688147e-01 1.46071017e-01 4.53539572e-03 -5.37025380e-03
5.03889169e-01 2.16638731e-02 -7.44688697e-04 4.68280350e-03 -3.69368539e-03 -3.04118668e-02 1.46071017e-01 1.54622385e-01 4.96730952e-03 -5.11294297e-03
1.45100079e-02 3.03134238e-03 1.18233891e-04 8.80606903e-05 -3.65453962e-04 -8.58377197e-04 4.53539572e-03 4.96730952e-03 1.51530470e-03 -1.35234278e-03
-1.42729379e-02 -5.37927076e-03 4.26675710e-04 -1.82866312e-04 4.53078762e-04 1.01798755e-03 -5.37025380e-03 -5.11294297e-03 -1.35234278e-03 2.91424978e-03
