1.11925846e-02 5.40037906e-04 3.26207718e-05 2.45163755e-04 1.59209201e-04 -2.90061394e-04 1.37176491e-03 1.12286008e-03 -2.64877783e-04 4.25033428e-04
5.40037906e-04 1.94836489e-03 -1.50634221e-04 -5.34492350e-05 -2.35628633e-05 1.55520878e-04 6.81304546e-04 -2.02829403e-05 3.57225927e-05 -8.79359298e-04
3.26207718e-05 -1.50634221e-04 8.02798631e-04 3.65986065e-05 2.69746937e-04 3.21668874e-04 1.28097793e-04 4.17265760e-04 3.67633152e-04 4.00084569e-04
2.45163755e-04 -5.34492350e-05 3.65986065e-05 1.02317583e-03 -2.99678413e-05 -1.63963892e-04 4.26327594e-04 9.40459190e-05 1.48429088e-04 -1.07764447e-04
1.59209201e-04 -2.35628633e-05 2.69746937e-04 -2.99678413e-05 9.11683344e-04 1.00019781e-04 -9.73541981e-05 2.50841533e-04 -3.07947243e-04 2.76038158e-04
-2.90061394e-04 1.55520878e-04 3.21668874e-04 -1.63963892e-04 1.00019781e-04 1.45824943e-03 -7.17717832e-05 6.62544198e-04 1.21936414e-04 3.12438138e-04
1.37176491e-03 6.81304546e-04 1.28097793e-04 4.26327594e-04 -9.73541981e-05 -7.17717832e-05 2.48223940e-03 1.57989578e-03 -4.02562926e-04 -3.55144390e-05
1.12286008e-03 -2.02829403e-05 4.17265760e-04 9.40459190e-05 2.50841533e-04 6.62544198e-04 1.57989578e-03 3.08250916e-03 4.86524277e-05 7.31675325e-04
-2.64877783e-04 3.57225927e-05 3.67633152e-04 1.48429088e-04 -3.07947243e-04 1.21936414e-04 -4.02562926e-04 4.86524277e-05 1.38855225e-03 1.33947053e-04
4.25033428e-04 -8.79359298e-04 4.00084569e-04 -1.07764447e-04 2.76038158e-04 3.12438138e-04 -3.55144390e-05 7.31675325e-04 1.33947053e-04 1.62066814e-03
