1.53477528e+00 3.91231591e-02 -1.42902838e-03 1.31571101e-02 -8.59273014e-03 -8.57589797e-02 4.07440754e-01 4.31315729e-01 1.23921856e-02 -1.21264862e-02
3.91231591e-02 8.64232947e-03 -5.61224163e-04 3.98313433e-04 -7.01794792e-04 -2.23958270e-03 1.27447560e-02 1.27412130e-02 1.97882115e-03 -3.94582897e-03
-1.42902838e-03 -5.61224163e-04 3.83072190e-04 -1.56613926e-04 1.38380534e-04 1.04996334e-04 -8.48807651e-04 -6.17300245e-04 1.52384869e-04 4.07151212e-04
1.31571101e-02 3.98313433e-04 -1.56613926e-04 6.00680296e-04 -1.07976985e-04 -6.37051471e-04 4.06077908e-03 4.17541053e-03 1.13959543e-04 -2.10496387e-04
-8.59273014e-03 -7.01794792e-04 1.38380534e-04 -1.07976985e-04 4.60962902e-04 5.16369087e-04 -3.04760952e-03 -3.09020891e-03 -3.18445872e-04 3.71632674e-04
-8.57589797e-02 -2.23958270e-03 1.04996334e-04 -6.37051471e-04 5.16369087e-04 5.90973128e-03 -2.46329415e-02 -2.58804620e-02 -6.70061712e-04 8.31619765e-04
4.07440754e-01 1.27447560e-02 -8.48807651e-04 4.06077908e-03 -3.04760952e-03 -2.46329415e-02 1.19313511e-01 1.25583312e-01 3.74495984e-03 -4.45159784e-03
4.31315729e-01 1.27412130e-02 -6.17300245e-04 4.17541053e-03 -3.09020891e-03 -2.58804620e-02 1.25583312e-01 1.33061233e-01 4.18425896e-03 -4.15812178e-03
1.23921856e-02 1.97882115e-03 1.52384869e-04 1.13959543e-04 -3.18445872e-04 -6.70061712e-04 3.74495984e-03 4.18425896e-03 1.27691966e-03 -9.05250032e-04
-1.21264862e-02 -3.94582897e-03 4.07151212e-04 -2.10496387e-04 3.71632674e-04 8.31619765e-04 -4.45159784e-03 -4.15812178e-03 -9.05250032e-04 2.32733929e-03
