1.96290564e+00 1.44305925e-01 -1.02338306e-03 1.58430129e-02 -1.20605611e-02 -1.11816161e-01 5.23921689e-01 5.54558469e-01 1.55891966e-02 -1.56858015e-02
1.44305925e-01 2.63978848e-02 -7.15874541e-04 1.07658004e-03 -1.76146212e-03 -8.95036356e-03 4.31987415e-02 4.49676483e-02 5.30458361e-03 -8.30796544e-03
-1.02338306e-03 -7.15874541e-04 3.30169201e-04 -1.54786886e-04 1.17149248e-04 6.43006946e-05 -8.38099215e-04 -6.37945185e-04 7.75151348e-05 4.36732026e-04
1.58430129e-02 1.07658004e-03 -1.54786886e-04 5.68278578e-04 -1.13966982e-04 -7.64332401e-04 4.78887097e-03 4.97685832e-03 4.58789643e-05 -1.31219219e-04
-1.20605611e-02 -1.76146212e-03 1.17149248e-04 -1.13966982e-04 4.31914730e-04 7.52521937e-04 -4.15074185e-03 -4.26979320e-03 -4.39860177e-04 5.74064744e-04
-1.11816161e-01 -8.95036356e-03 6.43006946e-05 -7.64332401e-04 7.52521937e-04 7.57389625e-03 -3.24935567e-02 -3.42698693e-02 -1.06610136e-03 1.26665151e-03
5.23921689e-01 4.31987415e-02 -8.38099215e-04 4.78887097e-03 -4.15074185e-03 -3.24935567e-02 1.54009928e-01 1.62253473e-01 5.31231740e-03 -6.40093233e-03
5.54558469e-01 4.49676483e-02 -6.37945185e-04 4.97685832e-03 -4.26979320e-03 -3.42698693e-02 1.62253473e-01 1.71602384e-01 5.73303082e-03 -6.21516682e-03
1.55891966e-02 5.30458361e-03 7.75151348e-05 4.58789643e-05 -4.39860177e-04 -1.06610136e-03 5.31231740e-03 5.73303082e-03 2.04354115e-03 -2.20300329e-03
-1.56858015e-02 -8.30796544e-03 4.36732026e-04 -1.31219219e-04 5.74064744e-04 1.26665151e-03 -6.40093233e-03 -6.21516682e-03 -2.20300329e-03 4.01839074e-03
