1.87301386e+00 5.59483288e-01 4.65716369e-03 1.56017185e-02 -1.48373018e-02 -1.19432726e-01 5.41335518e-01 5.69898590e-01 9.54066182e-03 -1.00578552e-02
5.59483288e-01 2.40579017e-01 1.00318004e-03 4.35115009e-03 -7.14152258e-03 -4.04666195e-02 1.80354850e-01 1.90439329e-01 2.24964882e-02 -3.00717103e-02
4.65716369e-03 1.00318004e-03 3.02651799e-04 -5.66773087e-05 3.44244025e-05 -2.80650412e-04 8.77229102e-04 1.08965043e-03 4.88707470e-05 3.57388343e-04
1.56017185e-02 4.35115009e-03 -5.66773087e-05 5.33083576e-04 -1.02083714e-04 -8.36379131e-04 4.99670475e-03 5.17132539e-03 -8.23310966e-05 7.00249747e-05
-1.48373018e-02 -7.14152258e-03 3.44244025e-05 -1.02083714e-04 4.86575939e-04 1.12118232e-03 -5.53136452e-03 -5.75911224e-03 -8.80873479e-04 1.19962796e-03
-1.19432726e-01 -4.04666195e-02 -2.80650412e-04 -8.36379131e-04 1.12118232e-03 9.21651973e-03 -3.88252246e-02 -4.08915804e-02 -1.71740704e-03 2.25231165e-03
5.41335518e-01 1.80354850e-01 8.77229102e-04 4.99670475e-03 -5.53136452e-03 -3.88252246e-02 1.75701799e-01 1.84492272e-01 7.27269562e-03 -9.38833132e-03
5.69898590e-01 1.90439329e-01 1.08965043e-03 5.17132539e-03 -5.75911224e-03 -4.08915804e-02 1.84492272e-01 1.94264746e-01 8.01709443e-03 -9.86151040e-03
9.54066182e-03 2.24964882e-02 4.88707470e-05 -8.23310966e-05 -8.80873479e-04 -1.71740704e-03 7.27269562e-03 8.01709443e-03 7.04363805e-03 -8.77966794e-03
-1.00578552e-02 -3.00717103e-02 3.57388343e-04 7.00249747e-05 1.19962796e-03 2.25231165e-03 -9.38833132e-03 -9.86151040e-03 -8.77966794e-03 1.23151694e-02
