2.03614449e-02 -6.42990899e-04 5.26981380e-04 7.64568103e-04 -1.74778155e-04 -1.37919550e-03 1.02264522e-02 1.06712132e-02 -1.55130902e-03 2.77080896e-03
-6.42990899e-04 3.23685974e-03 -2.44424033e-04 -1.14258562e-04 -2.27869699e-04 9.29031810e-05 2.98548800e-04 1.93632108e-04 3.30185062e-05 -2.55263534e-04
5.26981380e-04 -2.44424033e-04 6.72672846e-04 -1.76381891e-04 1.14679322e-04 -9.65663290e-05 3.15783235e-05 8.07410895e-05 7.78153023e-05 7.34274277e-05
7.64568103e-04 -1.14258562e-04 -1.76381891e-04 5.24987472e-04 2.43171887e-04 5.24099467e-05 4.57132824e-04 5.82022044e-04 3.26696787e-05 2.50723256e-04
-1.74778155e-04 -2.27869699e-04 1.14679322e-04 2.43171887e-04 1.05620376e-03 2.88549410e-04 3.20365672e-04 -3.56018496e-05 4.92750334e-05 1.29245580e-04
-1.37919550e-03 9.29031810e-05 -9.65663290e-05 5.24099467e-05 2.88549410e-04 6.30326318e-04 -5.27572316e-04 -6.45131022e-04 -4.62446715e-06 3.60477346e-05
1.02264522e-02 2.98548800e-04 3.15783235e-05 4.57132824e-04 3.20365672e-04 -5.27572316e-04 5.90006446e-03 5.77167157e-03 -9.47121035e-04 1.53238659e-03
1.06712132e-02 1.93632108e-04 8.07410895e-05 5.82022044e-04 -3.56018496e-05 -6.45131022e-04 5.77167157e-03 6.08037982e-03 -9.32610181e-04 1.55330268e-03
-1.55130902e-03 3.30185062e-05 7.78153023e-05 3.26696787e-05 4.92750334e-05 -4.62446715e-06 -9.47121035e-04 -9.32610181e-04 7.25527663e-04 -5.93886692e-04
2.77080896e-03 -2.55263534e-04 7.34274277e-05 2.50723256e-04 1.29245580e-04 3.60477346e-05 1.53238659e-03 1.55330268e-03 -5.93886692e-04 9.12712170e-04
