4.71465020e-02 1.22622377e-01 9.61922691e-03 -8.19347080e-04 -1.41998274e-03 -3.76103528e-03 2.11999675e-02 2.17243663e-02 -2.75106201e-02 2.79092707e-02
1.22622377e-01 4.43836877e-01 3.42435251e-02 -1.64838137e-03 -3.37137777e-03 -1.15334094e-02 6.92507719e-02 7.12896117e-02 -9.44699577e-02 9.65369917e-02
9.61922691e-03 3.42435251e-02 4.09266334e-03 -2.56045232e-04 -9.66848772e-05 -1.01164315e-03 5.43499224e-03 5.61265027e-03 -9.40646920e-03 9.96904543e-03
-8.19347080e-04 -1.64838137e-03 -2.56045232e-04 6.21287197e-04 3.10898296e-04 2.02967987e-04 -2.08102177e-04 -7.40233579e-05 2.00330244e-04 1.33677890e-04
-1.41998274e-03 -3.37137777e-03 -9.66848772e-05 3.10898296e-04 1.33713371e-03 5.34079474e-04 -1.70412102e-04 -6.67226634e-04 6.02010953e-04 -3.88245128e-04
-3.76103528e-03 -1.15334094e-02 -1.01164315e-03 2.02967987e-04 5.34079474e-04 1.07145156e-03 -1.80844819e-03 -2.06388119e-03 2.36009008e-03 -2.26187475e-03
2.11999675e-02 6.92507719e-02 5.43499224e-03 -2.08102177e-04 -1.70412102e-04 -1.80844819e-03 1.23575431e-02 1.21857302e-02 -1.61514022e-02 1.65868144e-02
2.17243663e-02 7.12896117e-02 5.61265027e-03 -7.40233579e-05 -6.67226634e-04 -2.06388119e-03 1.21857302e-02 1.26348152e-02 -1.62725535e-02 1.67416295e-02
-2.75106201e-02 -9.44699577e-02 -9.40646920e-03 2.00330244e-04 6.02010953e-04 2.36009008e-03 -1.61514022e-02 -1.62725535e-02 2.88645849e-02 -2.97445376e-02
2.79092707e-02 9.65369917e-02 9.96904543e-03 1.33677890e-04 -3.88245128e-04 -2.26187475e-03 1.65868144e-02 1.67416295e-02 -2.97445376e-02 3.12439883e-02
