3.66278375e-01 3.29706018e-01 1.46296165e-02 -1.21323565e-03 -4.89182655e-03 -1.56462780e-02 1.00910475e-01 1.05105225e-01 -8.01463252e-02 8.25060492e-02
3.29706018e-01 4.37327616e-01 1.79321098e-02 -9.57790649e-04 -4.48018533e-03 -1.71783155e-02 1.06862877e-01 1.11551062e-01 -7.74329661e-02 7.95220771e-02
1.46296165e-02 1.79321098e-02 2.19860151e-03 -1.59680152e-04 -7.96066228e-06 -8.25008164e-04 4.55187250e-03 4.80802910e-03 -5.11541233e-03 5.68810112e-03
-1.21323565e-03 -9.57790649e-04 -1.59680152e-04 7.62641959e-04 3.49174095e-04 2.42888329e-04 -2.57183915e-04 -8.75618842e-05 -7.41420270e-05 5.00871502e-04
-4.89182655e-03 -4.48018533e-03 -7.96066228e-06 3.49174095e-04 1.61022039e-03 7.27408325e-04 -9.01285703e-04 -1.51954636e-03 8.66835694e-04 -6.51841824e-04
-1.56462780e-02 -1.71783155e-02 -8.25008164e-04 2.42888329e-04 7.27408325e-04 1.72966917e-03 -4.72554928e-03 -5.15890222e-03 3.21501606e-03 -3.09882856e-03
1.00910475e-01 1.06862877e-01 4.55187250e-03 -2.57183915e-04 -9.01285703e-04 -4.72554928e-03 3.17282213e-02 3.23899576e-02 -2.41557569e-02 2.49429919e-02
1.05105225e-01 1.11551062e-01 4.80802910e-03 -8.75618842e-05 -1.51954636e-03 -5.15890222e-03 3.23899576e-02 3.38473679e-02 -2.48569034e-02 2.57212946e-02
-8.01463252e-02 -7.74329661e-02 -5.11541233e-03 -7.41420270e-05 8.66835694e-04 3.21501606e-03 -2.41557569e-02 -2.48569034e-02 2.67234056e-02 -2.77846445e-02
8.25060492e-02 7.95220771e-02 5.68810112e-03 5.00871502e-04 -6.51841824e-04 -3.09882856e-03 2.49429919e-02 2.57212946e-02 -2.77846445e-02 2.96708826e-02
