3.70010532e-03 -5.80698468e-04 2.77685923e-04 2.09818571e-04 -6.33749131e-05 -2.09239392e-04 9.04846046e-04 9.58008344e-04 -1.96740547e-04 6.09828450e-04
-5.80698468e-04 9.99338320e-02 1.30185203e-02 1.03383733e-03 -5.39926891e-04 -4.01025408e-03 3.03435690e-02 3.07859170e-02 -2.65155460e-02 2.91449420e-02
2.77685923e-04 1.30185203e-02 2.62726068e-03 1.11069145e-04 9.12857491e-05 -5.89236891e-04 4.23496810e-03 4.35249465e-03 -4.28049717e-03 4.92611518e-03
2.09818571e-04 1.03383733e-03 1.11069145e-04 5.29023073e-04 2.49690299e-04 4.18047305e-05 6.00590004e-04 6.86576581e-04 -5.91648501e-04 9.26507483e-04
-6.33749131e-05 -5.39926891e-04 9.12857491e-05 2.49690299e-04 9.66032632e-04 2.64850504e-04 2.81741369e-04 -4.01168783e-05 -5.57215959e-06 1.94628294e-04
-2.09239392e-04 -4.01025408e-03 -5.89236891e-04 4.18047305e-05 2.64850504e-04 6.98055776e-04 -1.17733460e-03 -1.28005147e-03 9.27832100e-04 -9.39031915e-04
9.04846046e-04 3.03435690e-02 4.23496810e-03 6.00590004e-04 2.81741369e-04 -1.17733460e-03 1.04396711e-02 1.03097776e-02 -9.28902183e-03 1.04559673e-02
9.58008344e-04 3.07859170e-02 4.35249465e-03 6.86576581e-04 -4.01168783e-05 -1.28005147e-03 1.03097776e-02 1.05792791e-02 -9.38942000e-03 1.05677876e-02
-1.96740547e-04 -2.65155460e-02 -4.28049717e-03 -5.91648501e-04 -5.57215959e-06 9.27832100e-04 -9.28902183e-03 -9.38942000e-03 1.05704467e-02 -1.16130302e-02
6.09828450e-04 2.91449420e-02 4.92611518e-03 9.26507483e-04 1.94628294e-04 -9.39031915e-04 1.04559673e-02 1.05677876e-02 -1.16130302e-02 1.32126556e-02
