4.73827338e-02 -1.05300871e-01 -1.54998912e-02 -5.51475324e-04 5.21625264e-05 2.47745571e-03 -1.77798133e-02 -1.76658347e-02 2.78908845e-02 -2.97575650e-02
-1.05300871e-01 2.49416489e-01 3.55622029e-02 1.12369219e-03 -6.97160131e-04 -6.16808516e-03 4.19733929e-02 4.16456693e-02 -6.19277864e-02 6.64688385e-02
-1.54998912e-02 3.55622029e-02 6.39242894e-03 2.55557416e-04 1.22954152e-04 -8.88008903e-04 6.42916894e-03 6.42660119e-03 -1.08702291e-02 1.19624958e-02
-5.51475324e-04 1.12369219e-03 2.55557416e-04 5.31624779e-04 2.62415194e-04 6.17285980e-05 4.93429465e-04 5.47537411e-04 -8.92010731e-04 1.24690144e-03
5.21625264e-05 -6.97160131e-04 1.22954152e-04 2.62415194e-04 9.32746821e-04 2.52928581e-04 3.34063150e-04 2.22858765e-05 -2.03814836e-04 4.12640144e-04
2.47745571e-03 -6.16808516e-03 -8.88008903e-04 6.17285980e-05 2.52928581e-04 6.74716647e-04 -8.91220073e-04 -9.66853522e-04 1.20136697e-03 -1.18673878e-03
-1.77798133e-02 4.19733929e-02 6.42916894e-03 4.93429465e-04 3.34063150e-04 -8.91220073e-04 8.05318922e-03 7.68811878e-03 -1.22111222e-02 1.33842891e-02
-1.76658347e-02 4.16456693e-02 6.42660119e-03 5.47537411e-04 2.22858765e-05 -9.66853522e-04 7.68811878e-03 7.72265534e-03 -1.20299323e-02 1.31721566e-02
2.78908845e-02 -6.19277864e-02 -1.08702291e-02 -8.92010731e-04 -2.03814836e-04 1.20136697e-03 -1.22111222e-02 -1.20299323e-02 2.26178125e-02 -2.45164322e-02
-2.97575650e-02 6.64688385e-02 1.19624958e-02 1.24690144e-03 4.12640144e-04 -1.18673878e-03 1.33842891e-02 1.31721566e-02 -2.45164322e-02 2.70416519e-02
