2.34997353e-02 -4.81977023e-02 -4.95810353e-03 5.46504545e-04 -2.62309635e-04 -3.43981730e-04 2.51903903e-03 2.82995721e-03 1.00436132e-02 -9.57657933e-03
-4.81977023e-02 1.14275479e-01 1.10333217e-02 -1.31776552e-03 -4.43454631e-04 4.36500774e-04 -6.03845260e-03 -6.48776219e-03 -2.27548384e-02 2.18649583e-02
-4.95810353e-03 1.10333217e-02 2.12467779e-03 -3.68894492e-04 1.54717852e-04 -7.16924822e-05 -8.13647662e-04 -8.34020703e-04 -2.64516232e-03 2.76190354e-03
5.46504545e-04 -1.31776552e-03 -3.68894492e-04 6.12996687e-04 3.01578300e-04 1.11474708e-04 2.13197135e-04 3.62597419e-04 3.99992247e-04 -9.89968303e-05
-2.62309635e-04 -4.43454631e-04 1.54717852e-04 3.01578300e-04 1.31589237e-03 3.83854375e-04 4.21633834e-04 -3.91424991e-05 -1.57266836e-05 2.39996972e-04
-3.43981730e-04 4.36500774e-04 -7.16924822e-05 1.11474708e-04 3.83854375e-04 6.77258620e-04 1.67618189e-04 1.20978346e-05 -2.20347358e-04 3.21659801e-04
2.51903903e-03 -6.03845260e-03 -8.13647662e-04 2.13197135e-04 4.21633834e-04 1.67618189e-04 8.53215453e-04 4.85489005e-04 1.23872357e-03 -1.11189887e-03
2.82995721e-03 -6.48776219e-03 -8.34020703e-04 3.62597419e-04 -3.91424991e-05 1.20978346e-05 4.85489005e-04 6.78499855e-04 1.53743388e-03 -1.38179583e-03
1.00436132e-02 -2.27548384e-02 -2.64516232e-03 3.99992247e-04 -1.57266836e-05 -2.20347358e-04 1.23872357e-03 1.53743388e-03 6.79019782e-03 -6.41146575e-03
-9.57657933e-03 2.18649583e-02 2.76190354e-03 -9.89968303e-05 2.39996972e-04 3.21659801e-04 -1.11189887e-03 -1.38179583e-03 -6.41146575e-03 6.51985412e-03
