5.85462715e-01 -5.85861609e-01 -1.00843870e-01 -8.93057991e-04 -1.47215754e-03 3.00483851e-03 -1.42437798e-02 -9.45049440e-03 1.53560976e-01 -1.61690763e-01
-5.85861609e-01 6.10629073e-01 9.78081867e-02 -4.84186815e-04 -5.10071870e-05 -4.35418698e-03 1.45062706e-02 9.71045406e-03 -1.40903339e-01 1.47465879e-01
-1.00843870e-01 9.78081867e-02 1.87718331e-02 3.49451902e-04 5.17092346e-04 -3.68392208e-04 2.63238607e-03 1.78382873e-03 -2.94274289e-02 3.13568932e-02
-8.93057991e-04 -4.84186815e-04 3.49451902e-04 5.21129139e-04 2.94180266e-04 1.35929395e-04 2.13305039e-04 1.94569259e-04 -1.24119445e-03 1.62252036e-03
-1.47215754e-03 -5.10071870e-05 5.17092346e-04 2.94180266e-04 8.64259695e-04 2.80432509e-04 3.42501202e-04 2.42660765e-05 -1.28948386e-03 1.58383435e-03
3.00483851e-03 -4.35418698e-03 -3.68392208e-04 1.35929395e-04 2.80432509e-04 5.92503937e-04 1.09031651e-04 5.31006375e-06 -3.20165284e-04 5.31281794e-04
-1.42437798e-02 1.45062706e-02 2.63238607e-03 2.13305039e-04 3.42501202e-04 1.09031651e-04 1.00340385e-03 4.96313454e-04 -4.69137232e-03 5.17890922e-03
-9.45049440e-03 9.71045406e-03 1.78382873e-03 1.94569259e-04 2.42660765e-05 5.31006375e-06 4.96313454e-04 4.65565180e-04 -3.00925574e-03 3.33097806e-03
1.53560976e-01 -1.40903339e-01 -2.94274289e-02 -1.24119445e-03 -1.28948386e-03 -3.20165284e-04 -4.69137232e-03 -3.00925574e-03 5.24818683e-02 -5.59393858e-02
-1.61690763e-01 1.47465879e-01 3.13568932e-02 1.62252036e-03 1.58383435e-03 5.31281794e-04 5.17890922e-03 3.33097806e-03 -5.59393858e-02 6.01465881e-02
