7.78532935e-01 1.05358934e+00 6.75700130e-02 -1.12697096e-03 -1.17497282e-02 -4.57987833e-02 2.95627674e-01 3.05215915e-01 -2.38655077e-01 2.48378905e-01
1.05358934e+00 1.58795576e+00 1.00408157e-01 7.72272099e-04 -1.55108568e-02 -6.57148645e-02 4.23846173e-01 4.39240458e-01 -3.42275262e-01 3.59048536e-01
6.75700130e-02 1.00408157e-01 9.81768770e-03 3.79262332e-04 -8.09774960e-04 -4.11356956e-03 2.76464759e-02 2.86263629e-02 -3.05996391e-02 3.29530195e-02
-1.12697096e-03 7.72272099e-04 3.79262332e-04 9.28985545e-04 3.92866722e-04 3.95003560e-04 -1.74460902e-04 -1.45863231e-05 -1.58872830e-03 2.29143081e-03
-1.17497282e-02 -1.55108568e-02 -8.09774960e-04 3.92866722e-04 1.70028776e-03 1.35400100e-03 -4.11114559e-03 -4.86268076e-03 3.24376867e-03 -3.08323263e-03
-4.57987833e-02 -6.57148645e-02 -4.11356956e-03 3.95003560e-04 1.35400100e-03 4.07400304e-03 -1.86527008e-02 -1.96117220e-02 1.40516612e-02 -1.43155538e-02
2.95627674e-01 4.23846173e-01 2.76464759e-02 -1.74460902e-04 -4.11114559e-03 -1.86527008e-02 1.20943209e-01 1.24253867e-01 -9.91152695e-02 1.03710596e-01
3.05215915e-01 4.39240458e-01 2.86263629e-02 -1.45863231e-05 -4.86268076e-03 -1.96117220e-02 1.24253867e-01 1.28584660e-01 -1.01888364e-01 1.06693698e-01
-2.38655077e-01 -3.42275262e-01 -3.05996391e-02 -1.58872830e-03 3.24376867e-03 1.40516612e-02 -9.91152695e-02 -1.01888364e-01 1.10023371e-01 -1.16826191e-01
2.48378905e-01 3.59048536e-01 3.29530195e-02 2.29143081e-03 -3.08323263e-03 -1.43155538e-02 1.03710596e-01 1.06693698e-01 -1.16826191e-01 1.25062425e-01
