2.21296024e-01 -2.91015197e-01 -4.72691071e-02 -1.04676772e-03 -3.68269779e-04 3.84625586e-03 -2.55878403e-02 -2.41213561e-02 7.71642323e-02 -8.19438175e-02
-2.91015197e-01 3.97755933e-01 6.09621285e-02 6.21454733e-04 -4.36701258e-04 -5.80270947e-03 3.41278599e-02 3.21339439e-02 -9.53068593e-02 1.00919511e-01
-4.72691071e-02 6.09621285e-02 1.13401499e-02 3.35802107e-04 2.69886758e-04 -7.78440712e-04 5.73395587e-03 5.42895724e-03 -1.85487784e-02 2.00390427e-02
-1.04676772e-03 6.21454733e-04 3.35802107e-04 5.28580385e-04 2.78118410e-04 9.55769644e-05 3.43046542e-04 3.62180877e-04 -1.09507461e-03 1.46380689e-03
-3.68269779e-04 -4.36701258e-04 2.69886758e-04 2.78118410e-04 9.04822927e-04 2.56603428e-04 3.91639242e-04 7.91315327e-05 -6.43303641e-04 8.89588462e-04
3.84625586e-03 -5.80270947e-03 -7.78440712e-04 9.55769644e-05 2.56603428e-04 6.14876321e-04 -2.82332971e-04 -3.56239475e-04 6.82185566e-04 -5.83898936e-04
-2.55878403e-02 3.41278599e-02 5.73395587e-03 3.43046542e-04 3.91639242e-04 -2.82332971e-04 3.72206239e-03 3.19162124e-03 -1.00760758e-02 1.09627726e-02
-2.41213561e-02 3.21339439e-02 5.42895724e-03 3.62180877e-04 7.91315327e-05 -3.56239475e-04 3.19162124e-03 3.08563304e-03 -9.31520144e-03 1.01105502e-02
7.71642323e-02 -9.53068593e-02 -1.85487784e-02 -1.09507461e-03 -6.43303641e-04 6.82185566e-04 -1.00760758e-02 -9.31520144e-03 3.52982912e-02 -3.79229610e-02
-8.19438175e-02 1.00919511e-01 2.00390427e-02 1.46380689e-03 8.89588462e-04 -5.83898936e-04 1.09627726e-02 1.01105502e-02 -3.79229610e-02 4.12353070e-02
