4.51277198e-02 -3.51751814e-02 -4.10172070e-03 1.05707709e-03 -2.44326908e-04 -1.59762703e-03 1.25678184e-02 1.32859425e-02 6.75961867e-03 -5.53243595e-03
-3.51751814e-02 2.91227355e-02 2.92976231e-03 -7.75473748e-04 -1.94562850e-04 1.28330616e-03 -9.75432962e-03 -1.02613736e-02 -4.93473820e-03 4.01480195e-03
-4.10172070e-03 2.92976231e-03 1.15019066e-03 -3.05004930e-04 1.43403735e-04 5.12474665e-05 -1.37945609e-03 -1.39882984e-03 -5.83231974e-04 6.31401720e-04
1.05707709e-03 -7.75473748e-04 -3.05004930e-04 5.46797503e-04 2.59781313e-04 6.84177876e-05 3.98811469e-04 5.37404137e-04 2.72679317e-04 6.06733368e-06
-2.44326908e-04 -1.94562850e-04 1.43403735e-04 2.59781313e-04 1.14153784e-03 3.22509870e-04 3.47172121e-04 -4.45733270e-05 3.52084658e-06 1.89456525e-04
-1.59762703e-03 1.28330616e-03 5.12474665e-05 6.84177876e-05 3.22509870e-04 6.30549362e-04 -2.56408033e-04 -3.93567893e-04 -3.19369724e-04 3.76433676e-04
1.25678184e-02 -9.75432962e-03 -1.37945609e-03 3.98811469e-04 3.47172121e-04 -2.56408033e-04 4.03916955e-03 3.88577966e-03 1.84083618e-03 -1.47902492e-03
1.32859425e-02 -1.02613736e-02 -1.39882984e-03 5.37404137e-04 -4.45733270e-05 -3.93567893e-04 3.88577966e-03 4.21270612e-03 2.02280983e-03 -1.62403071e-03
6.75961867e-03 -4.93473820e-03 -5.83231974e-04 2.72679317e-04 3.52084658e-06 -3.19369724e-04 1.84083618e-03 2.02280983e-03 1.65367763e-03 -1.25419922e-03
-5.53243595e-03 4.01480195e-03 6.31401720e-04 6.06733368e-06 1.89456525e-04 3.76433676e-04 -1.47902492e-03 -1.62403071e-03 -1.25419922e-03 1.28987053e-03
