1.08654842e-01 1.17668509e-01 6.34694029e-03 -9.24841316e-04 -1.89721955e-03 -4.56707540e-03 2.72244509e-02 2.84113017e-02 -3.00718100e-02 3.05023204e-02
1.17668509e-01 2.45753823e-01 1.25193428e-02 -1.25905241e-03 -2.12726789e-03 -6.91226918e-03 4.07762022e-02 4.25266286e-02 -4.31414201e-02 4.32414732e-02
6.34694029e-03 1.25193428e-02 1.84265711e-03 -2.68215258e-04 6.98796960e-05 -4.84870888e-04 2.03663226e-03 2.17479220e-03 -3.13747907e-03 3.46381628e-03
-9.24841316e-04 -1.25905241e-03 -2.68215258e-04 6.92550923e-04 3.33418326e-04 1.86186132e-04 -1.43445072e-04 1.49658863e-05 2.33360858e-04 1.21145140e-04
-1.89721955e-03 -2.12726789e-03 6.98796960e-05 3.33418326e-04 1.49653436e-03 5.29136617e-04 -1.24202629e-06 -5.45198174e-04 3.70031823e-04 -1.42068776e-04
-4.56707540e-03 -6.91226918e-03 -4.84870888e-04 1.86186132e-04 5.29136617e-04 1.06318621e-03 -1.21584874e-03 -1.46835289e-03 1.19278853e-03 -1.05044837e-03
2.72244509e-02 4.07762022e-02 2.03663226e-03 -1.43445072e-04 -1.24202629e-06 -1.21584874e-03 9.05506013e-03 8.86996186e-03 -9.22074353e-03 9.39932825e-03
2.84113017e-02 4.25266286e-02 2.17479220e-03 1.49658863e-05 -5.45198174e-04 -1.46835289e-03 8.86996186e-03 9.36209828e-03 -9.35140900e-03 9.56997012e-03
-3.00718100e-02 -4.31414201e-02 -3.13747907e-03 2.33360858e-04 3.70031823e-04 1.19278853e-03 -9.22074353e-03 -9.35140900e-03 1.42429132e-02 -1.43707974e-02
3.05023204e-02 4.32414732e-02 3.46381628e-03 1.21145140e-04 -1.42068776e-04 -1.05044837e-03 9.39932825e-03 9.56997012e-03 -1.43707974e-02 1.51455113e-02
