4.83339315e-02 -5.95955219e-02 -6.99538452e-03 1.01201744e-03 -2.55708386e-04 -1.14222156e-03 9.31877728e-03 9.99038581e-03 1.29270196e-02 -1.20138708e-02
-5.95955219e-02 7.62073748e-02 8.32964815e-03 -1.18505905e-03 -2.61424617e-04 1.36045532e-03 -1.16911970e-02 -1.23608883e-02 -1.52733711e-02 1.42446361e-02
-6.99538452e-03 8.32964815e-03 1.89744477e-03 -3.66517393e-04 1.61993016e-04 5.06496557e-05 -1.58455177e-03 -1.63540236e-03 -1.98466523e-03 2.04452758e-03
1.01201744e-03 -1.18505905e-03 -3.66517393e-04 5.78871991e-04 2.82094227e-04 8.82623993e-05 3.28693491e-04 4.73969001e-04 3.83134405e-04 -9.53361595e-05
-2.55708386e-04 -2.61424617e-04 1.61993016e-04 2.82094227e-04 1.23094475e-03 3.55190458e-04 3.88463774e-04 -3.96363712e-05 -3.89631839e-05 2.50455872e-04
-1.14222156e-03 1.36045532e-03 5.06496557e-05 8.82623993e-05 3.55190458e-04 6.46383640e-04 -1.93428222e-05 -1.69375789e-04 -3.90966304e-04 4.70743872e-04
9.31877728e-03 -1.16911970e-02 -1.58455177e-03 3.28693491e-04 3.88463774e-04 -1.93428222e-05 2.35515930e-03 2.11495721e-03 2.49682670e-03 -2.27014589e-03
9.99038581e-03 -1.23608883e-02 -1.63540236e-03 4.73969001e-04 -3.96363712e-05 -1.69375789e-04 2.11495721e-03 2.39789615e-03 2.79942631e-03 -2.53998846e-03
1.29270196e-02 -1.52733711e-02 -1.98466523e-03 3.83134405e-04 -3.89631839e-05 -3.90966304e-04 2.49682670e-03 2.79942631e-03 4.57983105e-03 -4.14780997e-03
-1.20138708e-02 1.42446361e-02 2.04452758e-03 -9.53361595e-05 2.50455872e-04 4.70743872e-04 -2.27014589e-03 -2.53998846e-03 -4.14780997e-03 4.16792764e-03
