7.85931966e-01 6.78849709e-01 2.94927384e-02 -9.09657153e-04 -9.72823923e-03 -3.50187772e-02 2.30828408e-01 2.40121836e-01 -1.61843512e-01 1.68335784e-01
6.78849709e-01 7.69357172e-01 3.04249493e-02 -1.62257057e-04 -8.46273355e-03 -3.48722359e-02 2.22251164e-01 2.31886049e-01 -1.42375198e-01 1.48538299e-01
2.94927384e-02 3.04249493e-02 3.15637123e-03 3.11289028e-05 -1.60061784e-04 -1.46721840e-03 9.38358621e-03 9.84628458e-03 -9.54037975e-03 1.05580607e-02
-9.09657153e-04 -1.62257057e-04 3.11289028e-05 8.64928127e-04 3.64995584e-04 3.07507289e-04 -2.17873542e-04 -3.19441311e-05 -6.70116432e-04 1.22170502e-03
-9.72823923e-03 -8.46273355e-03 -1.60061784e-04 3.64995584e-04 1.72928195e-03 1.03946265e-03 -2.48087275e-03 -3.19616388e-03 1.72200027e-03 -1.53586592e-03
-3.50187772e-02 -3.48722359e-02 -1.46721840e-03 3.07507289e-04 1.03946265e-03 2.87752578e-03 -1.12474675e-02 -1.19830818e-02 6.85660062e-03 -6.84697209e-03
2.30828408e-01 2.22251164e-01 9.38358621e-03 -2.17873542e-04 -2.48087275e-03 -1.12474675e-02 7.42851907e-02 7.65518539e-02 -5.07166062e-02 5.28951984e-02
2.40121836e-01 2.31886049e-01 9.84628458e-03 -3.19441311e-05 -3.19616388e-03 -1.19830818e-02 7.65518539e-02 7.97755181e-02 -5.24090753e-02 5.47380101e-02
-1.61843512e-01 -1.42375198e-01 -9.54037975e-03 -6.70116432e-04 1.72200027e-03 6.85660062e-03 -5.07166062e-02 -5.24090753e-02 4.95356232e-02 -5.23721788e-02
1.68335784e-01 1.48538299e-01 1.05580607e-02 1.22170502e-03 -1.53586592e-03 -6.84697209e-03 5.28951984e-02 5.47380101e-02 -5.23721788e-02 5.63113698e-02
