6.80856594e+00 5.22761317e-01 -8.29031637e-02 6.10287827e-02 -1.69422316e-02 -2.76074358e-01 2.23660306e+00 2.11988459e+00 1.04258170e-01 -5.90186182e-02
5.22761317e-01 1.02962001e+00 -7.48261333e-02 1.32493481e-02 1.39898750e-03 -5.26216921e-02 4.08484850e-01 3.84931087e-01 4.10121716e-01 -2.87800632e-01
-8.29031637e-02 -7.48261333e-02 1.73003971e-02 -2.17635399e-03 5.09966219e-04 5.97783793e-03 -4.52701553e-02 -4.20427907e-02 -4.20427555e-02 2.91128810e-02
6.10287827e-02 1.32493481e-02 -2.17635399e-03 2.03299682e-03 -7.43972426e-04 -4.31719249e-03 3.55623586e-02 3.32389457e-02 4.48321063e-03 -2.42788291e-03
-1.69422316e-02 1.39898750e-03 5.09966219e-04 -7.43972426e-04 1.87400550e-03 2.63235329e-03 -2.40080705e-02 -2.25310124e-02 5.23382003e-04 -9.28741665e-04
-2.76074358e-01 -5.26216921e-02 5.97783793e-03 -4.31719249e-03 2.63235329e-03 2.07893874e-02 -1.64177231e-01 -1.54220508e-01 -1.65503084e-02 1.08940944e-02
2.23660306e+00 4.08484850e-01 -4.52701553e-02 3.55623586e-02 -2.40080705e-02 -1.64177231e-01 1.37831594e+00 1.29622990e+00 1.19724121e-01 -7.27875454e-02
2.11988459e+00 3.84931087e-01 -4.20427907e-02 3.32389457e-02 -2.25310124e-02 -1.54220508e-01 1.29622990e+00 1.22102636e+00 1.14815615e-01 -7.01464812e-02
1.04258170e-01 4.10121716e-01 -4.20427555e-02 4.48321063e-03 5.23382003e-04 -1.65503084e-02 1.19724121e-01 1.14815615e-01 2.88854252e-01 -2.06920590e-01
-5.90186182e-02 -2.87800632e-01 2.91128810e-02 -2.42788291e-03 -9.28741665e-04 1.08940944e-02 -7.27875454e-02 -7.01464812e-02 -2.06920590e-01 1.50526367e-01
