1.02724519e-01 -2.45505833e-02 2.34542744e-04 1.43177743e-03 -6.91959527e-04 -5.18647387e-03 2.94042329e-02 3.17522336e-02 5.99701325e-03 -5.14242599e-03
-2.45505833e-02 7.16242295e-03 1.59939200e-04 -2.42586216e-04 -1.53244464e-04 1.14522744e-03 -6.90723110e-03 -7.33987470e-03 -1.24310076e-03 7.70980454e-04
2.34542744e-04 1.59939200e-04 4.59133064e-04 1.75349691e-04 -1.45024874e-04 2.80340217e-05 -2.72033267e-04 3.56912736e-05 -2.50188947e-04 -3.46207996e-04
1.43177743e-03 -2.42586216e-04 1.75349691e-04 4.77886286e-04 -8.25878339e-05 -1.72959176e-04 1.88620489e-04 4.39728404e-04 -1.85413403e-04 -2.94903233e-04
-6.91959527e-04 -1.53244464e-04 -1.45024874e-04 -8.25878339e-05 5.39672497e-04 2.14962850e-04 1.48594982e-04 -2.62518475e-04 5.38177942e-05 6.22273893e-04
-5.18647387e-03 1.14522744e-03 2.80340217e-05 -1.72959176e-04 2.14962850e-04 1.12043295e-03 -1.10340087e-03 -1.69656062e-03 -5.95392475e-04 8.31002153e-04
2.94042329e-02 -6.90723110e-03 -2.72033267e-04 1.88620489e-04 1.48594982e-04 -1.10340087e-03 1.04674622e-02 9.15290746e-03 2.34946748e-03 -7.52683333e-04
3.17522336e-02 -7.33987470e-03 3.56912736e-05 4.39728404e-04 -2.62518475e-04 -1.69656062e-03 9.15290746e-03 1.08942421e-02 2.38782819e-03 -1.56031068e-03
5.99701325e-03 -1.24310076e-03 -2.50188947e-04 -1.85413403e-04 5.38177942e-05 -5.95392475e-04 2.34946748e-03 2.38782819e-03 1.65728877e-03 -1.32014532e-04
-5.14242599e-03 7.70980454e-04 -3.46207996e-04 -2.94903233e-04 6.22273893e-04 8.31002153e-04 -7.52683333e-04 -1.56031068e-03 -1.32014532e-04 1.86874327e-03
