3.17269638e-02 5.71248606e-02 2.14255642e-03 2.75206599e-04 -7.95607474e-04 -3.55408987e-03 2.01537732e-02 2.04618941e-02 -3.96174150e-03 4.04458790e-03
5.71248606e-02 1.61708851e-01 5.79401865e-03 1.36942780e-03 -2.94371258e-03 -9.85549094e-03 5.17122874e-02 5.35324680e-02 1.24655362e-03 1.06983821e-03
2.14255642e-03 5.79401865e-03 5.77875003e-04 1.71645851e-04 -2.23070041e-04 -3.24183389e-04 1.56533856e-03 1.92759150e-03 -1.64037267e-04 -2.20680472e-04
2.75206599e-04 1.36942780e-03 1.71645851e-04 3.81903791e-04 -6.87585998e-05 -1.32016988e-04 1.83187710e-04 4.05214794e-04 -8.27024996e-05 -2.49915432e-04
-7.95607474e-04 -2.94371258e-03 -2.23070041e-04 -6.87585998e-05 5.13247676e-04 3.01196759e-04 -5.25252592e-04 -8.41690409e-04 1.34853215e-04 4.82595379e-04
-3.55408987e-03 -9.85549094e-03 -3.24183389e-04 -1.32016988e-04 3.01196759e-04 1.31754635e-03 -2.78250410e-03 -3.25965980e-03 -9.68805161e-05 2.11962197e-04
2.01537732e-02 5.17122874e-02 1.56533856e-03 1.83187710e-04 -5.25252592e-04 -2.78250410e-03 1.84040682e-02 1.73169926e-02 -9.90027403e-05 1.81643272e-03
2.04618941e-02 5.35324680e-02 1.92759150e-03 4.05214794e-04 -8.41690409e-04 -3.25965980e-03 1.73169926e-02 1.86937009e-02 -4.69000751e-05 1.13516751e-03
-3.96174150e-03 1.24655362e-03 -1.64037267e-04 -8.27024996e-05 1.34853215e-04 -9.68805161e-05 -9.90027403e-05 -4.69000751e-05 2.47328621e-03 -1.02730476e-03
4.04458790e-03 1.06983821e-03 -2.20680472e-04 -2.49915432e-04 4.82595379e-04 2.11962197e-04 1.81643272e-03 1.13516751e-03 -1.02730476e-03 2.51292739e-03
