3.46367209e-02 -3.72352724e-02 -3.48885339e-04 9.00428154e-04 -1.10239234e-04 -1.56492793e-03 9.28355691e-03 1.06473804e-02 3.50507175e-03 -3.35821877e-03
-3.72352724e-02 4.26660775e-02 8.36762663e-04 -7.77778735e-04 -6.25061817e-05 1.89967083e-03 -1.04966751e-02 -1.17045064e-02 -4.30502000e-03 3.32575446e-03
-3.48885339e-04 8.36762663e-04 5.63675715e-04 2.05164074e-04 -1.70531827e-04 7.02488519e-05 -5.15780892e-04 -1.66844502e-04 -3.83705697e-04 -3.46386314e-04
9.00428154e-04 -7.77778735e-04 2.05164074e-04 5.76633678e-04 -8.06117944e-05 -1.55552604e-04 -1.04384087e-05 2.67924158e-04 -2.60558848e-04 -3.27869424e-04
-1.10239234e-04 -6.25061817e-05 -1.70531827e-04 -8.06117944e-05 5.95629728e-04 2.25468500e-04 4.76060874e-04 -8.69288889e-06 2.17995840e-04 5.72165877e-04
-1.56492793e-03 1.89967083e-03 7.02488519e-05 -1.55552604e-04 2.25468500e-04 1.02869367e-03 1.12449911e-04 -4.58099825e-04 -3.90864856e-04 7.30853099e-04
9.28355691e-03 -1.04966751e-02 -5.15780892e-04 -1.04384087e-05 4.76060874e-04 1.12449911e-04 4.77225081e-03 2.73878251e-03 1.47794810e-03 1.57414029e-04
1.06473804e-02 -1.17045064e-02 -1.66844502e-04 2.67924158e-04 -8.69288889e-06 -4.58099825e-04 2.73878251e-03 4.28876430e-03 1.40077746e-03 -7.67927503e-04
3.50507175e-03 -4.30502000e-03 -3.83705697e-04 -2.60558848e-04 2.17995840e-04 -3.90864856e-04 1.47794810e-03 1.40077746e-03 1.48766035e-03 2.44035737e-04
-3.35821877e-03 3.32575446e-03 -3.46386314e-04 -3.27869424e-04 5.72165877e-04 7.30853099e-04 1.57414029e-04 -7.67927503e-04 2.44035737e-04 1.85208784e-03
