2.92524792e-02 3.07190618e-02 5.28634542e-04 -3.28040311e-04 -3.52473948e-04 -3.48376833e-04 2.01491291e-03 1.71114069e-03 -3.00529416e-03 2.06983654e-03
3.07190618e-02 6.01878756e-02 1.11832460e-03 -7.26743415e-04 -5.56178424e-04 -4.39135742e-04 3.03679695e-03 2.38359924e-03 -6.28045605e-04 -5.13099851e-04
5.28634542e-04 1.11832460e-03 6.69295658e-04 2.53175219e-04 -2.23166465e-04 3.62561280e-05 -3.91806355e-04 6.82580142e-05 -3.25551457e-04 -5.10167400e-04
-3.28040311e-04 -7.26743415e-04 2.53175219e-04 6.74578605e-04 -7.73345205e-05 -1.19682617e-04 -2.86367609e-04 6.63901017e-06 -3.86061272e-04 -2.95129836e-04
-3.52473948e-04 -5.56178424e-04 -2.23166465e-04 -7.73345205e-05 6.46753852e-04 2.84746416e-04 5.67090046e-04 1.09565371e-05 3.43935760e-04 5.70188005e-04
-3.48376833e-04 -4.39135742e-04 3.62561280e-05 -1.19682617e-04 2.84746416e-04 1.04605828e-03 6.49728499e-04 1.47237252e-04 -8.38841860e-05 5.29237364e-04
2.01491291e-03 3.03679695e-03 -3.91806355e-04 -2.86367609e-04 5.67090046e-04 6.49728499e-04 2.65228217e-03 -1.21630753e-04 3.15899745e-04 1.36611204e-03
1.71114069e-03 2.38359924e-03 6.82580142e-05 6.63901017e-06 1.09565371e-05 1.47237252e-04 -1.21630753e-04 1.14884265e-03 1.66028352e-05 3.62947120e-04
-3.00529416e-03 -6.28045605e-04 -3.25551457e-04 -3.86061272e-04 3.43935760e-04 -8.38841860e-05 3.15899745e-04 1.66028352e-05 1.69629773e-03 2.81611475e-04
2.06983654e-03 -5.13099851e-04 -5.10167400e-04 -2.95129836e-04 5.70188005e-04 5.29237364e-04 1.36611204e-03 3.62947120e-04 2.81611475e-04 2.22278753e-03
