3.90863104e-01 1.58870753e-01 1.68533731e-03 -1.26031514e-03 -2.89475926e-03 -1.23839999e-02 6.63554646e-02 6.68527641e-02 -3.05906214e-03 1.45911840e-03
1.58870753e-01 1.12525922e-01 2.16070963e-03 -6.81284531e-04 -1.97750957e-03 -5.36692724e-03 3.22401089e-02 3.24687313e-02 9.49323043e-03 -1.07001991e-02
1.68533731e-03 2.16070963e-03 7.79164270e-04 2.96992332e-04 -2.93780516e-04 -3.15554705e-05 -8.53893653e-05 4.89913179e-04 -4.27308760e-05 -8.41639164e-04
-1.26031514e-03 -6.81284531e-04 2.96992332e-04 7.66516461e-04 -6.63768416e-05 -9.12873290e-05 -4.94517415e-04 -2.16397711e-04 -4.80004582e-04 -2.55296541e-04
-2.89475926e-03 -1.97750957e-03 -2.93780516e-04 -6.63768416e-05 7.20716538e-04 4.24225418e-04 4.04744723e-05 -5.58291935e-04 2.46461433e-04 7.54745118e-04
-1.23839999e-02 -5.36692724e-03 -3.15554705e-05 -9.12873290e-05 4.24225418e-04 1.53430388e-03 -1.49751716e-03 -2.00045757e-03 -7.74044468e-05 5.96634412e-04
6.63554646e-02 3.22401089e-02 -8.53893653e-05 -4.94517415e-04 4.04744723e-05 -1.49751716e-03 1.47530495e-02 1.18879625e-02 1.25670285e-03 3.89713235e-04
6.68527641e-02 3.24687313e-02 4.89913179e-04 -2.16397711e-04 -5.58291935e-04 -2.00045757e-03 1.18879625e-02 1.33846198e-02 8.84679290e-04 -7.59572928e-04
-3.05906214e-03 9.49323043e-03 -4.27308760e-05 -4.80004582e-04 2.46461433e-04 -7.74044468e-05 1.25670285e-03 8.84679290e-04 4.07755942e-03 -1.81819803e-03
1.45911840e-03 -1.07001991e-02 -8.41639164e-04 -2.55296541e-04 7.54745118e-04 5.96634412e-04 3.89713235e-04 -7.59572928e-04 -1.81819803e-03 4.59313735e-03
