1.93770049e-02 -7.25011826e-02 -2.37499916e-03 -4.17276277e-04 8.13026590e-04 2.57145975e-03 -1.24638256e-02 -1.28425773e-02 -4.87290678e-04 -8.16722522e-04
-7.25011826e-02 3.64634237e-01 1.24869891e-02 1.28707763e-03 -4.37070032e-03 -1.25769349e-02 6.46595221e-02 6.54171263e-02 -1.14839915e-02 1.49346358e-02
-2.37499916e-03 1.24869891e-02 7.78649839e-04 1.57266273e-04 -2.71306800e-04 -4.15718501e-04 1.95050557e-03 2.28102794e-03 -5.77451242e-04 2.72124519e-04
-4.17276277e-04 1.28707763e-03 1.57266273e-04 3.54919991e-04 -3.96044913e-05 -7.25201440e-05 2.21280815e-05 2.30228027e-04 -3.44002985e-05 -2.28741895e-04
8.13026590e-04 -4.37070032e-03 -2.71306800e-04 -3.96044913e-05 4.86355672e-04 3.14820681e-04 -4.47568943e-04 -7.12409537e-04 3.87140331e-04 2.17161426e-04
2.57145975e-03 -1.25769349e-02 -4.15718501e-04 -7.25201440e-05 3.14820681e-04 1.08724078e-03 -1.85621671e-03 -2.17088311e-03 3.66287901e-04 -2.36165407e-04
-1.24638256e-02 6.46595221e-02 1.95050557e-03 2.21280815e-05 -4.47568943e-04 -1.85621671e-03 1.28711790e-02 1.15305654e-02 -2.09308964e-03 3.68045610e-03
-1.28425773e-02 6.54171263e-02 2.28102794e-03 2.30228027e-04 -7.12409537e-04 -2.17088311e-03 1.15305654e-02 1.23728090e-02 -2.03807466e-03 2.97382636e-03
-4.87290678e-04 -1.14839915e-02 -5.77451242e-04 -3.44002985e-05 3.87140331e-04 3.66287901e-04 -2.09308964e-03 -2.03807466e-03 2.86810226e-03 -1.53543508e-03
-8.16722522e-04 1.49346358e-02 2.72124519e-04 -2.28741895e-04 2.17161426e-04 -2.36165407e-04 3.68045610e-03 2.97382636e-03 -1.53543508e-03 3.05041725e-03
