7.11913096e-01 1.85311294e-01 7.60929060e-04 -1.21808308e-03 -4.61092690e-03 -2.19719792e-02 1.19067589e-01 1.21328888e-01 3.83353613e-03 -5.44382507e-03
1.85311294e-01 1.02921382e-01 1.94211582e-03 -5.20663077e-04 -2.46759991e-03 -6.21906897e-03 3.75980384e-02 3.82232296e-02 1.50068759e-02 -1.63372764e-02
7.60929060e-04 1.94211582e-03 8.43493648e-04 3.27686852e-04 -3.29205457e-04 -1.74993559e-05 -2.41670658e-04 4.09503906e-04 7.66421353e-05 -1.00834034e-03
-1.21808308e-03 -5.20663077e-04 3.27686852e-04 8.29910587e-04 -6.98379205e-05 -1.04068829e-04 -5.03395232e-04 -2.14239582e-04 -5.55172467e-04 -2.18656969e-04
-4.61092690e-03 -2.46759991e-03 -3.29205457e-04 -6.98379205e-05 7.95134186e-04 5.14954612e-04 -2.94983361e-04 -9.34031967e-04 9.85515664e-05 9.88195638e-04
-2.19719792e-02 -6.21906897e-03 -1.74993559e-05 -1.04068829e-04 5.14954612e-04 1.92672613e-03 -3.10603540e-03 -3.68329434e-03 -3.43800839e-04 9.07573524e-04
1.19067589e-01 3.75980384e-02 -2.41670658e-04 -5.03395232e-04 -2.94983361e-04 -3.10603540e-03 2.39048454e-02 2.11785334e-02 3.01906740e-03 -1.26361165e-03
1.21328888e-01 3.82232296e-02 4.09503906e-04 -2.14239582e-04 -9.34031967e-04 -3.68329434e-03 2.11785334e-02 2.31111603e-02 2.64396682e-03 -2.55461589e-03
3.83353613e-03 1.50068759e-02 7.66421353e-05 -5.55172467e-04 9.85515664e-05 -3.43800839e-04 3.01906740e-03 2.64396682e-03 5.63395630e-03 -3.16146376e-03
-5.44382507e-03 -1.63372764e-02 -1.00834034e-03 -2.18656969e-04 9.88195638e-04 9.07573524e-04 -1.26361165e-03 -2.55461589e-03 -3.16146376e-03 6.20492471e-03
