7.96777062e-02 2.08332402e-02 1.35705584e-03 1.03152504e-03 -8.86569202e-04 -5.18123750e-03 2.94007255e-02 3.10148344e-02 2.18562704e-03 -1.58046826e-03
2.08332402e-02 9.29343427e-03 5.64964223e-04 4.05097630e-04 -7.49539112e-04 -1.82108815e-03 8.96843963e-03 9.60537510e-03 2.08876042e-03 -1.81594403e-03
1.35705584e-03 5.64964223e-04 4.31972827e-04 1.67549767e-04 -1.53680622e-04 -6.53708337e-05 2.21097952e-04 5.41445663e-04 -1.41428428e-04 -3.66178824e-04
1.03152504e-03 4.05097630e-04 1.67549767e-04 4.21084640e-04 -7.97548925e-05 -1.58496022e-04 1.95096025e-04 4.26181018e-04 -1.64700148e-04 -2.51423950e-04
-8.86569202e-04 -7.49539112e-04 -1.53680622e-04 -7.97548925e-05 5.03257515e-04 2.28903104e-04 -8.26753349e-05 -4.49570811e-04 2.88611722e-05 5.97849364e-04
-5.18123750e-03 -1.82108815e-03 -6.53708337e-05 -1.58496022e-04 2.28903104e-04 1.14729514e-03 -1.68431987e-03 -2.22948034e-03 -4.85545201e-04 6.77344784e-04
2.94007255e-02 8.96843963e-03 2.21097952e-04 1.95096025e-04 -8.26753349e-05 -1.68431987e-03 1.30831438e-02 1.19536487e-02 1.76297304e-03 -2.33054853e-04
3.10148344e-02 9.60537510e-03 5.41445663e-04 4.26181018e-04 -4.49570811e-04 -2.22948034e-03 1.19536487e-02 1.35528632e-02 1.78104260e-03 -9.43337909e-04
2.18562704e-03 2.08876042e-03 -1.41428428e-04 -1.64700148e-04 2.88611722e-05 -4.85545201e-04 1.76297304e-03 1.78104260e-03 1.65856982e-03 -2.39289946e-04
-1.58046826e-03 -1.81594403e-03 -3.66178824e-04 -2.51423950e-04 5.97849364e-04 6.77344784e-04 -2.33054853e-04 -9.43337909e-04 -2.39289946e-04 1.81933727e-03
