3.61201903e-03 -8.58770182e-03 8.53976785e-05 2.95627272e-04 -4.43095536e-05 -1.70395972e-05 6.32153825e-04 1.00067005e-03 -1.37987641e-04 -2.49914761e-04
-8.58770182e-03 5.07262048e-02 9.21163174e-04 -8.09375638e-04 -2.51171014e-04 9.44670095e-04 -5.01036893e-03 -5.99184929e-03 -3.15306870e-03 2.10413019e-03
8.53976785e-05 9.21163174e-04 6.16332260e-04 2.29310786e-04 -1.95373521e-04 5.50971986e-05 -4.62701281e-04 -5.85455093e-05 -3.73107721e-04 -4.14777689e-04
2.95627272e-04 -8.09375638e-04 2.29310786e-04 6.28584372e-04 -7.95549492e-05 -1.39022926e-04 -1.46488748e-04 1.43287953e-04 -3.18731604e-04 -3.20124478e-04
-4.43095536e-05 -2.51171014e-04 -1.95373521e-04 -7.95549492e-05 6.21977687e-04 2.49152485e-04 5.68049552e-04 4.44590445e-05 2.98580692e-04 5.57493042e-04
-1.70395972e-05 9.44670095e-04 5.50971986e-05 -1.39022926e-04 2.49152485e-04 1.01023522e-03 5.57591412e-04 2.16811558e-05 -2.22077541e-04 6.16720462e-04
6.32153825e-04 -5.01036893e-03 -4.62701281e-04 -1.46488748e-04 5.68049552e-04 5.57591412e-04 2.79880642e-03 3.47168743e-04 7.72305594e-04 8.99513208e-04
1.00067005e-03 -5.99184929e-03 -5.85455093e-05 1.43287953e-04 4.44590445e-05 2.16811558e-05 3.47168743e-04 1.72973906e-03 5.79446511e-04 -6.47611637e-05
-1.37987641e-04 -3.15306870e-03 -3.73107721e-04 -3.18731604e-04 2.98580692e-04 -2.22077541e-04 7.72305594e-04 5.79446511e-04 1.45494993e-03 4.01715226e-04
-2.49914761e-04 2.10413019e-03 -4.14777689e-04 -3.20124478e-04 5.57493042e-04 6.16720462e-04 8.99513208e-04 -6.47611637e-05 4.01715226e-04 1.90727603e-03
