2.05550233e-01 -3.42563505e-01 -1.15265623e-02 -3.54582565e-04 2.86930786e-03 5.97371188e-03 -2.94095424e-02 -2.80582947e-02 1.71605952e-02 -1.98481170e-02
-3.42563505e-01 5.79112452e-01 1.96593321e-02 4.95938716e-04 -5.10874125e-03 -1.00989648e-02 4.98045735e-02 4.75904898e-02 -3.12319032e-02 3.50018558e-02
-1.15265623e-02 1.96593321e-02 1.00049383e-03 1.26309230e-04 -2.95305685e-04 -3.45456232e-04 1.45205932e-03 1.67932937e-03 -1.22551273e-03 9.76888448e-04
-3.54582565e-04 4.95938716e-04 1.26309230e-04 3.31960843e-04 -3.26739802e-06 -2.02043938e-05 -9.98894817e-05 9.41399834e-05 4.71088440e-06 -1.95825943e-04
2.86930786e-03 -5.10874125e-03 -2.95305685e-04 -3.26739802e-06 4.54513411e-04 2.95405105e-04 -1.55534695e-04 -3.60929181e-04 5.97459722e-04 -1.18520342e-05
5.97371188e-03 -1.00989648e-02 -3.45456232e-04 -2.02043938e-05 2.95405105e-04 7.75762629e-04 -5.55194211e-04 -7.25852683e-04 5.26878769e-04 -3.36678141e-04
-2.94095424e-02 4.98045735e-02 1.45205932e-03 -9.98894817e-05 -1.55534695e-04 -5.55194211e-04 5.49095609e-03 4.07500275e-03 -2.43787616e-03 3.73743142e-03
-2.80582947e-02 4.75904898e-02 1.67932937e-03 9.41399834e-05 -3.60929181e-04 -7.25852683e-04 4.07500275e-03 4.55207168e-03 -2.28392169e-03 2.90514781e-03
1.71605952e-02 -3.12319032e-02 -1.22551273e-03 4.71088440e-06 5.97459722e-04 5.26878769e-04 -2.43787616e-03 -2.28392169e-03 3.63157221e-03 -2.48543633e-03
-1.98481170e-02 3.50018558e-02 9.76888448e-04 -1.95825943e-04 -1.18520342e-05 -3.36678141e-04 3.73743142e-03 2.90514781e-03 -2.48543633e-03 4.08377311e-03
