7.81264347e-01 2.47187069e-01 2.25951567e-03 -1.43448054e-03 -5.60739804e-03 -2.59481903e-02 1.40414797e-01 1.42794117e-01 1.40783220e-03 -3.27807677e-03
2.47187069e-01 1.46869322e-01 2.87511128e-03 -5.97013379e-04 -3.22552701e-03 -8.83918942e-03 5.31419499e-02 5.39969600e-02 1.79355570e-02 -1.92342042e-02
2.25951567e-03 2.87511128e-03 8.44518241e-04 3.21484263e-04 -3.41613361e-04 -7.59185264e-05 1.20611145e-04 7.63115460e-04 2.06314026e-04 -1.10371984e-03
-1.43448054e-03 -5.97013379e-04 3.21484263e-04 8.20164376e-04 -6.10762643e-05 -9.25257933e-05 -5.31290092e-04 -2.65304462e-04 -5.14459964e-04 -2.39183150e-04
-5.60739804e-03 -3.22552701e-03 -3.41613361e-04 -6.10762643e-05 7.95945414e-04 5.46379054e-04 -5.95028870e-04 -1.21066275e-03 5.66898008e-05 9.96015028e-04
-2.59481903e-02 -8.83918942e-03 -7.59185264e-05 -9.25257933e-05 5.46379054e-04 2.08589713e-03 -4.15012939e-03 -4.72439003e-03 -3.07778451e-04 8.56823136e-04
1.40414797e-01 5.31419499e-02 1.20611145e-04 -5.31290092e-04 -5.95028870e-04 -4.15012939e-03 2.94941253e-02 2.69294364e-02 3.13850183e-03 -1.52541302e-03
1.42794117e-01 5.39969600e-02 7.63115460e-04 -2.65304462e-04 -1.21066275e-03 -4.72439003e-03 2.69294364e-02 2.89088649e-02 2.82442741e-03 -2.80814782e-03
1.40783220e-03 1.79355570e-02 2.06314026e-04 -5.14459964e-04 5.66898008e-05 -3.07778451e-04 3.13850183e-03 2.82442741e-03 6.47038019e-03 -4.00440335e-03
-3.27807677e-03 -1.92342042e-02 -1.10371984e-03 -2.39183150e-04 9.96015028e-04 8.56823136e-04 -1.52541302e-03 -2.80814782e-03 -4.00440335e-03 6.90115439e-03
