1.15918030e+00 3.14351106e-01 2.74513383e-03 -1.03805083e-03 -8.08009001e-03 -3.95503846e-02 2.12566451e-01 2.17402795e-01 7.64757538e-03 -9.22901772e-03
3.14351106e-01 1.70688130e-01 3.46455693e-03 -3.95846700e-04 -4.24184520e-03 -1.16565384e-02 6.92467637e-02 7.07219823e-02 2.53361500e-02 -2.65627086e-02
2.74513383e-03 3.46455693e-03 8.89866524e-04 3.38065271e-04 -3.78632326e-04 -1.16514533e-04 3.03083418e-04 9.94383026e-04 4.31424523e-04 -1.32449666e-03
-1.03805083e-03 -3.95846700e-04 3.38065271e-04 8.54549374e-04 -6.03494740e-05 -1.11767986e-04 -4.51611822e-04 -1.97326561e-04 -5.23412420e-04 -2.34493840e-04
-8.08009001e-03 -4.24184520e-03 -3.78632326e-04 -6.03494740e-05 8.61007309e-04 6.54193152e-04 -1.19770563e-03 -1.82197533e-03 -1.53221997e-04 1.23560301e-03
-3.95503846e-02 -1.16565384e-02 -1.16514533e-04 -1.11767986e-04 6.54193152e-04 2.64099667e-03 -6.84136378e-03 -7.51275409e-03 -6.20524843e-04 1.17064577e-03
2.12566451e-01 6.92467637e-02 3.03083418e-04 -4.51611822e-04 -1.19770563e-03 -6.84136378e-03 4.38720939e-02 4.17834253e-02 5.26983082e-03 -3.61922502e-03
2.17402795e-01 7.07219823e-02 9.94383026e-04 -1.97326561e-04 -1.82197533e-03 -7.51275409e-03 4.17834253e-02 4.43493798e-02 5.05539019e-03 -5.02524646e-03
7.64757538e-03 2.53361500e-02 4.31424523e-04 -5.23412420e-04 -1.53221997e-04 -6.20524843e-04 5.26983082e-03 5.05539019e-03 8.70238812e-03 -6.07173776e-03
-9.22901772e-03 -2.65627086e-02 -1.32449666e-03 -2.34493840e-04 1.23560301e-03 1.17064577e-03 -3.61922502e-03 -5.02524646e-03 -6.07173776e-03 9.02377776e-03
