1.28717835e+00 -5.98377632e-03 1.19476910e-02 5.20610973e-03 -5.64608767e-03 -3.12666959e-02 1.94925939e-01 1.78391956e-01 -1.35588557e-01 1.34709277e-01
-5.98377632e-03 1.36985084e+00 -3.56042524e-03 -1.06108430e-02 -5.17051473e-03 8.90735964e-05 7.47646448e-02 4.76776845e-02 1.56815955e-01 -1.52731415e-01
1.19476910e-02 -3.56042524e-03 6.26472880e-04 2.14770375e-04 3.45306138e-05 -3.66700854e-04 1.25977296e-03 1.57923138e-03 -2.40300436e-03 2.48842639e-03
5.20610973e-03 -1.06108430e-02 2.14770375e-04 7.76216401e-04 -1.05250765e-04 -3.58992000e-04 9.34647777e-04 1.18017804e-03 -3.21481743e-03 3.23168204e-03
-5.64608767e-03 -5.17051473e-03 3.45306138e-05 -1.05250765e-04 4.35079749e-04 2.30012268e-04 -2.24977565e-03 -1.63388652e-03 3.66724944e-05 2.05210829e-06
-3.12666959e-02 8.90735964e-05 -3.66700854e-04 -3.58992000e-04 2.30012268e-04 1.49920687e-03 -6.94950471e-03 -6.57236685e-03 2.84699462e-03 -2.94273712e-03
1.94925939e-01 7.47646448e-02 1.25977296e-03 9.34647777e-04 -2.24977565e-03 -6.94950471e-03 4.82430479e-02 4.19486874e-02 -1.20948501e-02 1.31415538e-02
1.78391956e-01 4.76776845e-02 1.57923138e-03 1.18017804e-03 -1.63388652e-03 -6.57236685e-03 4.19486874e-02 3.78879958e-02 -1.27242386e-02 1.38336518e-02
-1.35588557e-01 1.56815955e-01 -2.40300436e-03 -3.21481743e-03 3.66724944e-05 2.84699462e-03 -1.20948501e-02 -1.27242386e-02 4.96817580e-02 -4.82702958e-02
1.34709277e-01 -1.52731415e-01 2.48842639e-03 3.23168204e-03 2.05210829e-06 -2.94273712e-03 1.31415538e-02 1.38336518e-02 -4.82702958e-02 4.76886111e-02
