4.89648329e-01 -9.16822660e-02 -7.64841564e-03 4.48533183e-03 -8.12907339e-03 -3.05186506e-02 1.90411899e-01 1.73018040e-01 2.52800506e-02 -1.99319646e-02
-9.16822660e-02 3.44193835e-02 1.09782255e-03 -9.83982597e-04 1.20207420e-03 6.01041109e-03 -3.61263454e-02 -3.24512056e-02 1.17894704e-03 -1.26125705e-03
-7.64841564e-03 1.09782255e-03 3.18545260e-04 1.15969068e-05 1.83731661e-04 5.43997431e-04 -3.45326257e-03 -3.10115888e-03 -1.16487475e-03 1.06143951e-03
4.48533183e-03 -9.83982597e-04 1.15969068e-05 1.80341241e-04 -8.37905177e-05 -2.80439570e-04 1.75489020e-03 1.60339026e-03 -3.20161817e-04 3.61920190e-04
-8.12907339e-03 1.20207420e-03 1.83731661e-04 -8.37905177e-05 3.19393854e-04 7.55816167e-04 -4.58330791e-03 -4.09364810e-03 -8.72205473e-04 8.83543119e-04
-3.05186506e-02 6.01041109e-03 5.43997431e-04 -2.80439570e-04 7.55816167e-04 2.89344468e-03 -1.65924289e-02 -1.50564853e-02 -1.90849693e-03 1.91302330e-03
1.90411899e-01 -3.61263454e-02 -3.45326257e-03 1.75489020e-03 -4.58330791e-03 -1.65924289e-02 9.96964071e-02 8.99055762e-02 1.04522738e-02 -1.00739401e-02
1.73018040e-01 -3.24512056e-02 -3.10115888e-03 1.60339026e-03 -4.09364810e-03 -1.50564853e-02 8.99055762e-02 8.13940941e-02 1.02579254e-02 -9.75888630e-03
2.52800506e-02 1.17894704e-03 -1.16487475e-03 -3.20161817e-04 -8.72205473e-04 -1.90849693e-03 1.04522738e-02 1.02579254e-02 1.24474215e-02 -1.12771367e-02
-1.99319646e-02 -1.26125705e-03 1.06143951e-03 3.61920190e-04 8.83543119e-04 1.91302330e-03 -1.00739401e-02 -9.75888630e-03 -1.12771367e-02 1.06116714e-02
