6.60864124e-01 -3.18336018e-01 7.63024485e-03 4.59683444e-03 -1.12517357e-03 -1.08909947e-02 5.59567876e-02 5.64474525e-02 -1.06955222e-01 1.05125470e-01
-3.18336018e-01 1.03092441e+00 2.45064429e-03 -1.14107041e-02 5.51346764e-03 2.31940113e-02 -7.65362816e-02 -8.34982431e-02 1.23157067e-01 -1.21354198e-01
7.63024485e-03 2.45064429e-03 4.75569213e-04 9.89381300e-05 5.66991366e-05 -8.94772959e-05 2.91781781e-05 2.90892929e-04 -1.23215511e-03 1.25933388e-03
4.59683444e-03 -1.14107041e-02 9.89381300e-05 6.14569271e-04 -1.41204315e-04 -4.07902646e-04 1.33557957e-03 1.48609741e-03 -2.62774504e-03 2.60495784e-03
-1.12517357e-03 5.51346764e-03 5.66991366e-05 -1.41204315e-04 2.73589436e-04 1.00594838e-04 -7.70771529e-04 -5.31231017e-04 7.30667444e-04 -6.57055948e-04
-1.08909947e-02 2.31940113e-02 -8.94772959e-05 -4.07902646e-04 1.00594838e-04 1.07365097e-03 -3.23500075e-03 -3.49881086e-03 3.08350825e-03 -2.98784454e-03
5.59567876e-02 -7.65362816e-02 2.91781781e-05 1.33557957e-03 -7.70771529e-04 -3.23500075e-03 1.62666931e-02 1.51952804e-02 -1.43640897e-02 1.41773686e-02
5.64474525e-02 -8.34982431e-02 2.90892929e-04 1.48609741e-03 -5.31231017e-04 -3.49881086e-03 1.51952804e-02 1.53253608e-02 -1.40285008e-02 1.40313070e-02
-1.06955222e-01 1.23157067e-01 -1.23215511e-03 -2.62774504e-03 7.30667444e-04 3.08350825e-03 -1.43640897e-02 -1.40285008e-02 3.68829479e-02 -3.51277939e-02
1.05125470e-01 -1.21354198e-01 1.25933388e-03 2.60495784e-03 -6.57055948e-04 -2.98784454e-03 1.41773686e-02 1.40313070e-02 -3.51277939e-02 3.41787789e-02
