3.25497201e+00 8.38983552e-01 5.15073718e-03 9.83752073e-03 -2.72092889e-02 -9.95987991e-02 6.59706757e-01 5.90046811e-01 -7.67831410e-02 8.13854251e-02
8.38983552e-01 1.28283744e+00 -3.91013464e-02 -9.23119827e-03 -2.16443240e-02 -4.15328442e-02 3.03067064e-01 2.57802887e-01 2.78340737e-01 -2.63398544e-01
5.15073718e-03 -3.91013464e-02 2.85981615e-03 8.12222488e-04 7.92485264e-04 3.74296038e-04 -4.31276388e-03 -2.69415978e-03 -1.40138396e-02 1.38313004e-02
9.83752073e-03 -9.23119827e-03 8.12222488e-04 1.18695435e-03 -1.71963283e-04 -4.35719676e-04 2.11822308e-03 2.32361607e-03 -5.70292070e-03 5.87841141e-03
-2.72092889e-02 -2.16443240e-02 7.92485264e-04 -1.71963283e-04 1.31549252e-03 1.46583335e-03 -1.06925014e-02 -8.79656817e-03 -3.53319368e-03 3.56869146e-03
-9.95987991e-02 -4.15328442e-02 3.74296038e-04 -4.35719676e-04 1.46583335e-03 5.02333209e-03 -2.94448732e-02 -2.63322444e-02 -2.35731720e-03 1.90919847e-03
6.59706757e-01 3.03067064e-01 -4.31276388e-03 2.11822308e-03 -1.06925014e-02 -2.94448732e-02 1.93742840e-01 1.70817948e-01 2.02286895e-02 -1.66088651e-02
5.90046811e-01 2.57802887e-01 -2.69415978e-03 2.32361607e-03 -8.79656817e-03 -2.63322444e-02 1.70817948e-01 1.52204936e-01 1.37847620e-02 -1.02250878e-02
-7.67831410e-02 2.78340737e-01 -1.40138396e-02 -5.70292070e-03 -3.53319368e-03 -2.35731720e-03 2.02286895e-02 1.37847620e-02 1.18277266e-01 -1.15141107e-01
8.13854251e-02 -2.63398544e-01 1.38313004e-02 5.87841141e-03 3.56869146e-03 1.90919847e-03 -1.66088651e-02 -1.02250878e-02 -1.15141107e-01 1.13656429e-01
