4.69346341e-01 -4.31275915e-01 -6.14528654e-03 7.56428061e-03 -9.59618165e-03 -2.81664659e-02 1.47104892e-01 1.38176167e-01 -4.14217932e-02 4.32891339e-02
-4.31275915e-01 4.57128687e-01 8.15401305e-03 -7.54381598e-03 1.04332750e-02 3.13049644e-02 -1.58889104e-01 -1.49303365e-01 3.43651031e-02 -3.55371764e-02
-6.14528654e-03 8.15401305e-03 5.32995349e-04 -5.47194500e-05 2.75926390e-04 7.73568352e-04 -4.51241520e-03 -4.00978016e-03 -5.76227701e-04 4.77038447e-04
7.56428061e-03 -7.54381598e-03 -5.47194500e-05 3.92430357e-04 -2.20738186e-04 -6.13323627e-04 3.08763662e-03 2.92410262e-03 -1.20957006e-03 1.19007694e-03
-9.59618165e-03 1.04332750e-02 2.75926390e-04 -2.20738186e-04 4.36407402e-04 9.22439839e-04 -5.09903851e-03 -4.59201190e-03 5.43199986e-04 -4.75462987e-04
-2.81664659e-02 3.13049644e-02 7.73568352e-04 -6.13323627e-04 9.22439839e-04 3.45479792e-03 -1.70200452e-02 -1.58462154e-02 1.38715088e-03 -1.18252754e-03
1.47104892e-01 -1.58889104e-01 -4.51241520e-03 3.08763662e-03 -5.09903851e-03 -1.70200452e-02 9.03361522e-02 8.26109764e-02 -8.21145856e-03 7.34090573e-03
1.38176167e-01 -1.49303365e-01 -4.00978016e-03 2.92410262e-03 -4.59201190e-03 -1.58462154e-02 8.26109764e-02 7.62129754e-02 -7.11099106e-03 6.51330387e-03
-4.14217932e-02 3.43651031e-02 -5.76227701e-04 -1.20957006e-03 5.43199986e-04 1.38715088e-03 -8.21145856e-03 -7.11099106e-03 1.60673607e-02 -1.42068483e-02
4.32891339e-02 -3.55371764e-02 4.77038447e-04 1.19007694e-03 -4.75462987e-04 -1.18252754e-03 7.34090573e-03 6.51330387e-03 -1.42068483e-02 1.31700580e-02
