4.35140907e+00 9.09642378e-01 1.43280207e-02 1.51064837e-02 -3.75174439e-02 -1.49570613e-01 9.74089291e-01 8.68987191e-01 -2.23551938e-01 2.28631000e-01
9.09642378e-01 2.30311572e+00 -4.23570524e-02 -1.51423561e-02 -3.36321527e-02 -6.00384687e-02 4.70621580e-01 3.91747576e-01 3.90494652e-01 -3.71132004e-01
1.43280207e-02 -4.23570524e-02 2.26772394e-03 7.51260579e-04 7.00166609e-04 1.05091567e-04 -3.20484201e-03 -1.51953054e-03 -1.19305816e-02 1.18711943e-02
1.51064837e-02 -1.51423561e-02 7.51260579e-04 1.49552117e-03 -2.08985548e-04 -7.83346577e-04 3.24182328e-03 3.45867072e-03 -7.14406422e-03 7.29624022e-03
-3.75174439e-02 -3.36321527e-02 7.00166609e-04 -2.08985548e-04 1.67709757e-03 2.39446404e-03 -1.70055561e-02 -1.41507678e-02 -3.61250513e-03 3.49876523e-03
-1.49570613e-01 -6.00384687e-02 1.05091567e-04 -7.83346577e-04 2.39446404e-03 8.26685954e-03 -4.92838622e-02 -4.37964956e-02 1.15965573e-03 -1.72451982e-03
9.74089291e-01 4.70621580e-01 -3.20484201e-03 3.24182328e-03 -1.70055561e-02 -4.92838622e-02 3.23524467e-01 2.83533585e-01 4.11865561e-03 7.20761677e-04
8.68987191e-01 3.91747576e-01 -1.51953054e-03 3.45867072e-03 -1.41507678e-02 -4.37964956e-02 2.83533585e-01 2.50622810e-01 -2.39520565e-03 6.87384228e-03
-2.23551938e-01 3.90494652e-01 -1.19305816e-02 -7.14406422e-03 -3.61250513e-03 1.15965573e-03 4.11865561e-03 -2.39520565e-03 1.35232505e-01 -1.32065592e-01
2.28631000e-01 -3.71132004e-01 1.18711943e-02 7.29624022e-03 3.49876523e-03 -1.72451982e-03 7.20761677e-04 6.87384228e-03 -1.32065592e-01 1.30619066e-01
