3.78294204e-01 8.04061194e-02 8.33474071e-03 4.02853819e-03 -1.70246933e-03 -1.13130721e-02 9.49954584e-02 8.19253394e-02 -9.44971985e-02 9.11056970e-02
8.04061194e-02 8.72586089e-01 1.52464436e-02 7.83650258e-04 -4.67227893e-03 -2.12124759e-02 1.72903045e-01 1.58531619e-01 9.40208229e-02 -8.41951697e-02
8.33474071e-03 1.52464436e-02 1.00958172e-03 2.62792169e-04 -1.76317706e-04 -7.33473209e-04 5.53995259e-03 4.97793599e-03 -3.43485688e-03 3.42129810e-03
4.02853819e-03 7.83650258e-04 2.62792169e-04 4.14081446e-04 -1.15956347e-04 -1.88699161e-04 1.33372432e-03 1.17546674e-03 -2.48782225e-03 2.54003294e-03
-1.70246933e-03 -4.67227893e-03 -1.76317706e-04 -1.15956347e-04 2.82025029e-04 3.74849934e-04 -2.74960465e-03 -2.32127512e-03 -3.81166388e-04 4.28036431e-04
-1.13130721e-02 -2.12124759e-02 -7.33473209e-04 -1.88699161e-04 3.74849934e-04 1.54201019e-03 -9.96158868e-03 -8.79734007e-03 1.07115050e-03 -1.02240587e-03
9.49954584e-02 1.72903045e-01 5.53995259e-03 1.33372432e-03 -2.74960465e-03 -9.96158868e-03 7.26279877e-02 6.40690224e-02 -6.44546559e-03 6.44432532e-03
8.19253394e-02 1.58531619e-01 4.97793599e-03 1.17546674e-03 -2.32127512e-03 -8.79734007e-03 6.40690224e-02 5.68620498e-02 -4.91259140e-03 5.05190338e-03
-9.44971985e-02 9.40208229e-02 -3.43485688e-03 -2.48782225e-03 -3.81166388e-04 1.07115050e-03 -6.44546559e-03 -4.91259140e-03 6.44810201e-02 -6.18372230e-02
9.11056970e-02 -8.41951697e-02 3.42129810e-03 2.54003294e-03 4.28036431e-04 -1.02240587e-03 6.44432532e-03 5.05190338e-03 -6.18372230e-02 5.96808302e-02
