4.63969371e-01 -4.55228506e-01 1.10399558e-03 6.57422649e-03 -4.87566966e-03 -1.61458071e-02 7.57275396e-02 7.50232226e-02 -8.25728493e-02 8.18048438e-02
-4.55228506e-01 7.44591600e-01 6.31482679e-03 -1.05835628e-02 1.06853008e-02 3.32697679e-02 -1.51841829e-01 -1.47012964e-01 8.42876776e-02 -8.40626772e-02
1.10399558e-03 6.31482679e-03 4.79744452e-04 5.47248493e-07 1.72096250e-04 3.75722463e-04 -2.35773376e-03 -1.97933856e-03 -6.45599274e-04 6.07777825e-04
6.57422649e-03 -1.05835628e-02 5.47248493e-07 5.14613541e-04 -2.16796478e-04 -5.83565833e-04 2.57201305e-03 2.53491568e-03 -2.06869156e-03 2.03544593e-03
-4.87566966e-03 1.06853008e-02 1.72096250e-04 -2.16796478e-04 3.62670836e-04 5.57092035e-04 -3.00794828e-03 -2.66577926e-03 1.03302773e-03 -9.46092657e-04
-1.61458071e-02 3.32697679e-02 3.75722463e-04 -5.83565833e-04 5.57092035e-04 2.39091538e-03 -1.02771098e-02 -9.89175315e-03 2.98226508e-03 -2.75837760e-03
7.57275396e-02 -1.51841829e-01 -2.35773376e-03 2.57201305e-03 -3.00794828e-03 -1.02771098e-02 5.09466781e-02 4.72163017e-02 -1.53481346e-02 1.43927121e-02
7.50232226e-02 -1.47012964e-01 -1.97933856e-03 2.53491568e-03 -2.66577926e-03 -9.89175315e-03 4.72163017e-02 4.46300363e-02 -1.42395174e-02 1.35569315e-02
-8.25728493e-02 8.42876776e-02 -6.45599274e-04 -2.06869156e-03 1.03302773e-03 2.98226508e-03 -1.53481346e-02 -1.42395174e-02 2.67239578e-02 -2.47414098e-02
8.18048438e-02 -8.40626772e-02 6.07777825e-04 2.03544593e-03 -9.46092657e-04 -2.75837760e-03 1.43927121e-02 1.35569315e-02 -2.47414098e-02 2.36200537e-02
