9.15755914e-01 -1.41024584e+00 -5.32152651e-02 -2.90605581e-03 1.35026143e-03 -8.57197399e-04 -3.35222386e-02 -3.23517531e-02 2.95497636e-02 -3.56575708e-02
-1.41024584e+00 2.65411010e+00 8.82509045e-02 9.84951366e-03 -4.52388615e-03 -2.23437139e-03 1.05124948e-01 9.52130604e-02 -1.10794153e-01 1.18436730e-01
-5.32152651e-02 8.82509045e-02 6.93393232e-03 1.07819726e-03 -1.28906215e-04 -1.66822465e-04 4.19915384e-03 3.66267033e-03 -2.06980621e-02 1.95554099e-02
-2.90605581e-03 9.84951366e-03 1.07819726e-03 8.38851567e-04 -1.42998689e-04 -7.80838862e-05 1.25538800e-03 1.17018613e-03 -4.74160920e-03 4.61767221e-03
1.35026143e-03 -4.52388615e-03 -1.28906215e-04 -1.42998689e-04 4.43312775e-04 -4.53515692e-05 -8.30181452e-04 -5.27852317e-04 -8.36302759e-04 9.00609209e-04
-8.57197399e-04 -2.23437139e-03 -1.66822465e-04 -7.80838862e-05 -4.53515692e-05 4.29287762e-04 -1.21101681e-03 -1.05216448e-03 1.41344690e-03 -1.32229934e-03
-3.35222386e-02 1.05124948e-01 4.19915384e-03 1.25538800e-03 -8.30181452e-04 -1.21101681e-03 1.23723123e-02 1.02533643e-02 -1.36892889e-02 1.28904040e-02
-3.23517531e-02 9.52130604e-02 3.66267033e-03 1.17018613e-03 -5.27852317e-04 -1.05216448e-03 1.02533643e-02 9.32219262e-03 -9.78632106e-03 9.56819982e-03
2.95497636e-02 -1.10794153e-01 -2.06980621e-02 -4.74160920e-03 -8.36302759e-04 1.41344690e-03 -1.36892889e-02 -9.78632106e-03 1.32125725e-01 -1.23041195e-01
-3.56575708e-02 1.18436730e-01 1.95554099e-02 4.61767221e-03 9.00609209e-04 -1.32229934e-03 1.28904040e-02 9.56819982e-03 -1.23041195e-01 1.15387122e-01
