5.09247324e-01 -2.92198577e-01 -1.00998169e-02 6.43577225e-03 -1.06429666e-02 -3.37381315e-02 1.92230355e-01 1.76805827e-01 5.07851939e-03 -6.07170071e-04
-2.92198577e-01 1.92911556e-01 6.18576550e-03 -3.73496514e-03 6.39089328e-03 2.06856255e-02 -1.13881212e-01 -1.05175848e-01 -1.44498383e-03 -1.12951043e-04
-1.00998169e-02 6.18576550e-03 5.01380641e-04 -4.37866672e-05 2.83605625e-04 8.46746962e-04 -5.03765937e-03 -4.52870958e-03 -9.12101726e-04 7.81600043e-04
6.43577225e-03 -3.73496514e-03 -4.37866672e-05 2.61369849e-04 -1.53390420e-04 -4.66120859e-04 2.59260870e-03 2.40834615e-03 -4.67992595e-04 4.77015606e-04
-1.06429666e-02 6.39089328e-03 2.83605625e-04 -1.53390420e-04 4.03144427e-04 9.40016295e-04 -5.41910282e-03 -4.87576927e-03 -3.25279288e-04 3.58860027e-04
-3.37381315e-02 2.06856255e-02 8.46746962e-04 -4.66120859e-04 9.40016295e-04 3.48781757e-03 -1.86093932e-02 -1.70779646e-02 -7.83577352e-04 8.80089629e-04
1.92230355e-01 -1.13881212e-01 -5.03765937e-03 2.59260870e-03 -5.41910282e-03 -1.86093932e-02 1.04781391e-01 9.51166291e-02 3.27799476e-03 -3.51060557e-03
1.76805827e-01 -1.05175848e-01 -4.52870958e-03 2.40834615e-03 -4.87576927e-03 -1.70779646e-02 9.51166291e-02 8.68174170e-02 3.71454608e-03 -3.74198510e-03
5.07851939e-03 -1.44498383e-03 -9.12101726e-04 -4.67992595e-04 -3.25279288e-04 -7.83577352e-04 3.27799476e-03 3.71454608e-03 9.87838317e-03 -8.36954262e-03
-6.07170071e-04 -1.12951043e-04 7.81600043e-04 4.77015606e-04 3.58860027e-04 8.80089629e-04 -3.51060557e-03 -3.74198510e-03 -8.36954262e-03 7.53868986e-03
