4.51521745e-01 8.48762005e-02 8.55362145e-04 3.32917491e-03 -4.32860856e-03 -2.24317974e-02 1.59118972e-01 1.42111247e-01 -1.00343824e-02 1.27390918e-02
8.48762005e-02 1.62643814e-01 -1.38396335e-03 -4.87127042e-04 -3.17597581e-03 -9.36694926e-03 6.43610359e-02 5.96353910e-02 5.19154263e-02 -4.78666171e-02
8.55362145e-04 -1.38396335e-03 2.17351766e-04 9.51328437e-05 2.37175014e-05 -3.99964443e-05 1.68542229e-04 1.75852180e-04 -1.50640179e-03 1.47386995e-03
3.32917491e-03 -4.87127042e-04 9.51328437e-05 2.06449917e-04 -5.12125606e-05 -1.51810358e-04 1.06303008e-03 9.49902681e-04 -1.06102439e-03 1.11687515e-03
-4.32860856e-03 -3.17597581e-03 2.37175014e-05 -5.12125606e-05 2.60069712e-04 5.44556409e-04 -3.53206554e-03 -3.09077463e-03 -9.48040421e-04 9.59457106e-04
-2.24317974e-02 -9.36694926e-03 -3.99964443e-05 -1.51810358e-04 5.44556409e-04 2.16179843e-03 -1.34262262e-02 -1.19947955e-02 -1.28430874e-03 1.27006252e-03
1.59118972e-01 6.43610359e-02 1.68542229e-04 1.06303008e-03 -3.53206554e-03 -1.34262262e-02 8.80911671e-02 7.85746390e-02 8.30738496e-03 -7.77482161e-03
1.42111247e-01 5.96353910e-02 1.75852180e-04 9.49902681e-04 -3.09077463e-03 -1.19947955e-02 7.85746390e-02 7.03162487e-02 8.08653164e-03 -7.48965401e-03
-1.00343824e-02 5.19154263e-02 -1.50640179e-03 -1.06102439e-03 -9.48040421e-04 -1.28430874e-03 8.30738496e-03 8.08653164e-03 2.98856655e-02 -2.85487890e-02
1.27390918e-02 -4.78666171e-02 1.47386995e-03 1.11687515e-03 9.59457106e-04 1.27006252e-03 -7.77482161e-03 -7.48965401e-03 -2.85487890e-02 2.75948539e-02
