3.13439862e-01 -3.96466777e-01 -7.60947544e-03 1.87007872e-03 3.13589132e-04 1.11865758e-03 -8.44171602e-03 -1.17854229e-02 -9.46849486e-02 8.69564588e-02
-3.96466777e-01 1.78958647e+00 5.11803537e-02 5.93138669e-03 -4.89152458e-03 -2.03466889e-02 2.00156076e-01 1.83101454e-01 1.52937631e-02 -4.56774223e-03
-7.60947544e-03 5.11803537e-02 3.32543089e-03 5.85056212e-04 -2.78888407e-04 -8.95442063e-04 7.95910719e-03 7.08311471e-03 -9.50023697e-03 9.15393175e-03
1.87007872e-03 5.93138669e-03 5.85056212e-04 6.18912743e-04 -1.68328594e-04 -1.87831293e-04 1.58649686e-03 1.41078065e-03 -3.41273998e-03 3.41005433e-03
3.13589132e-04 -4.89152458e-03 -2.78888407e-04 -1.68328594e-04 3.32467068e-04 1.68972069e-04 -1.76681630e-03 -1.40706671e-03 -7.92166600e-05 1.58139916e-04
1.11865758e-03 -2.03466889e-02 -8.95442063e-04 -1.87831293e-04 1.68972069e-04 8.49855507e-04 -5.01730074e-03 -4.38410105e-03 2.50091373e-03 -2.37778936e-03
-8.44171602e-03 2.00156076e-01 7.95910719e-03 1.58649686e-03 -1.76681630e-03 -5.01730074e-03 4.10638909e-02 3.56641199e-02 -1.87175975e-02 1.79068334e-02
-1.17854229e-02 1.83101454e-01 7.08311471e-03 1.41078065e-03 -1.40706671e-03 -4.38410105e-03 3.56641199e-02 3.15311774e-02 -1.50603163e-02 1.46086114e-02
-9.46849486e-02 1.52937631e-02 -9.50023697e-03 -3.41273998e-03 -7.92166600e-05 2.50091373e-03 -1.87175975e-02 -1.50603163e-02 9.40375814e-02 -8.89592759e-02
8.69564588e-02 -4.56774223e-03 9.15393175e-03 3.41005433e-03 1.58139916e-04 -2.37778936e-03 1.79068334e-02 1.46086114e-02 -8.89592759e-02 8.46981612e-02
