2.51705777e+00 4.22395836e-01 1.41323134e-02 9.58415588e-03 -1.96729564e-02 -8.18959070e-02 5.23940984e-01 4.69633502e-01 -1.81580782e-01 1.83341651e-01
4.22395836e-01 1.79188900e+00 -1.64185339e-02 -1.08860815e-02 -1.88889314e-02 -3.00494045e-02 2.69976855e-01 2.17628898e-01 2.30063039e-01 -2.20881341e-01
1.41323134e-02 -1.64185339e-02 1.07044399e-03 3.83257128e-04 2.08992343e-04 -3.19162105e-04 3.54815589e-04 1.09949645e-03 -4.96275118e-03 5.06792870e-03
9.58415588e-03 -1.08860815e-02 3.83257128e-04 1.06291137e-03 -1.62367043e-04 -5.57453646e-04 2.00198288e-03 2.21129842e-03 -4.47845313e-03 4.56271953e-03
-1.96729564e-02 -1.88889314e-02 2.08992343e-04 -1.62367043e-04 9.49272133e-04 1.16470977e-03 -8.62154476e-03 -7.03655560e-03 -1.02432518e-03 1.00887259e-03
-8.18959070e-02 -3.00494045e-02 -3.19162105e-04 -5.57453646e-04 1.16470977e-03 4.37402628e-03 -2.50419404e-02 -2.24338972e-02 2.84609476e-03 -3.13455904e-03
5.23940984e-01 2.69976855e-01 3.54815589e-04 2.00198288e-03 -8.62154476e-03 -2.50419404e-02 1.66174201e-01 1.45151905e-01 -1.01498328e-02 1.27131633e-02
4.69633502e-01 2.17628898e-01 1.09949645e-03 2.21129842e-03 -7.03655560e-03 -2.24338972e-02 1.45151905e-01 1.28511233e-01 -1.24271458e-02 1.48832175e-02
-1.81580782e-01 2.30063039e-01 -4.96275118e-03 -4.47845313e-03 -1.02432518e-03 2.84609476e-03 -1.01498328e-02 -1.24271458e-02 7.57056044e-02 -7.41997770e-02
1.83341651e-01 -2.20881341e-01 5.06792870e-03 4.56271953e-03 1.00887259e-03 -3.13455904e-03 1.27131633e-02 1.48832175e-02 -7.41997770e-02 7.37988784e-02
