5.65613901e+00 1.29738945e+00 1.04328011e-02 1.85874911e-02 -4.97394017e-02 -1.92598648e-01 1.26926368e+00 1.13180581e+00 -2.00834967e-01 2.09228249e-01
1.29738945e+00 2.44684058e+00 -6.36652533e-02 -1.75429767e-02 -4.17811330e-02 -7.82604162e-02 5.80435957e-01 4.91326061e-01 5.04095399e-01 -4.76698767e-01
1.04328011e-02 -6.36652533e-02 3.79755797e-03 1.16386693e-03 1.22958223e-03 6.63681325e-04 -7.12297185e-03 -4.62351269e-03 -2.03595228e-02 2.00353287e-02
1.85874911e-02 -1.75429767e-02 1.16386693e-03 1.81584506e-03 -2.30412542e-04 -8.70162104e-04 4.00519478e-03 4.21768391e-03 -9.48660081e-03 9.68841282e-03
-4.97394017e-02 -4.17811330e-02 1.22958223e-03 -2.30412542e-04 2.21191228e-03 3.14069353e-03 -2.21397285e-02 -1.85221305e-02 -6.29094905e-03 6.12652818e-03
-1.92598648e-01 -7.82604162e-02 6.63681325e-04 -8.70162104e-04 3.14069353e-03 1.05594584e-02 -6.36191051e-02 -5.65076829e-02 -2.25850936e-03 1.46459247e-03
1.26926368e+00 5.80435957e-01 -7.12297185e-03 4.00519478e-03 -2.21397285e-02 -6.36191051e-02 4.16554896e-01 3.66213803e-01 2.61909838e-02 -1.96540093e-02
1.13180581e+00 4.91326061e-01 -4.62351269e-03 4.21768391e-03 -1.85221305e-02 -5.65076829e-02 3.66213803e-01 3.24297953e-01 1.57055850e-02 -9.63830039e-03
-2.00834967e-01 5.04095399e-01 -2.03595228e-02 -9.48660081e-03 -6.29094905e-03 -2.25850936e-03 2.61909838e-02 1.57055850e-02 1.93870237e-01 -1.88616807e-01
2.09228249e-01 -4.76698767e-01 2.00353287e-02 9.68841282e-03 6.12652818e-03 1.46459247e-03 -1.96540093e-02 -9.63830039e-03 -1.88616807e-01 1.85691982e-01
