2.60420554e+00 -2.94255798e+00 -1.26290834e-01 -1.03783088e-02 3.15592388e-03 -2.29745389e-02 7.77160989e-02 7.25778068e-02 2.75269563e-01 -2.73079637e-01
-2.94255798e+00 3.73832314e+00 1.22299785e-01 1.19447278e-02 -8.25176278e-03 2.40506535e-02 -5.11744835e-02 -5.11482990e-02 -2.30424079e-01 2.34814906e-01
-1.26290834e-01 1.22299785e-01 1.20656773e-02 1.94072371e-03 1.59658921e-04 1.08711421e-03 -4.08678207e-03 -3.72365975e-03 -3.97035766e-02 3.72611175e-02
-1.03783088e-02 1.19447278e-02 1.94072371e-03 1.22233492e-03 -7.11318773e-05 8.67459650e-05 6.27239380e-04 7.26073155e-04 -7.95729111e-03 7.66515359e-03
3.15592388e-03 -8.25176278e-03 1.59658921e-04 -7.11318773e-05 7.12111647e-04 -1.89696447e-04 -7.28751708e-04 -3.28123644e-04 -2.78974807e-03 2.77828427e-03
-2.29745389e-02 2.40506535e-02 1.08711421e-03 8.67459650e-05 -1.89696447e-04 7.36936342e-04 -1.74475403e-03 -1.64100203e-03 -1.63065884e-03 1.58760728e-03
7.77160989e-02 -5.11744835e-02 -4.08678207e-03 6.27239380e-04 -7.28751708e-04 -1.74475403e-03 1.11347666e-02 9.61275206e-03 8.85317086e-03 -8.45810812e-03
7.25778068e-02 -5.11482990e-02 -3.72365975e-03 7.26073155e-04 -3.28123644e-04 -1.64100203e-03 9.61275206e-03 9.62191133e-03 1.06569263e-02 -9.48540350e-03
2.75269563e-01 -2.30424079e-01 -3.97035766e-02 -7.95729111e-03 -2.78974807e-03 -1.63065884e-03 8.85317086e-03 1.06569263e-02 2.09601204e-01 -1.94050530e-01
-2.73079637e-01 2.34814906e-01 3.72611175e-02 7.66515359e-03 2.77828427e-03 1.58760728e-03 -8.45810812e-03 -9.48540350e-03 -1.94050530e-01 1.81015891e-01
