7.48508819e-01 -1.12319814e+00 -2.62051758e-01 -1.47813650e-03 -6.16078842e-04 -1.89897161e-04 -4.88668539e-02 -3.73517558e-02 1.04113682e-01 -9.85248308e-02
-1.12319814e+00 2.07282904e+00 4.29318338e-01 1.79784461e-05 -2.48015594e-03 -4.62009508e-03 1.07069046e-01 8.06659725e-02 -1.81232759e-01 1.61427589e-01
-2.62051758e-01 4.29318338e-01 1.76918970e-01 1.62647976e-03 7.82591384e-04 -1.84582698e-03 3.16889394e-02 2.58631014e-02 -7.65874540e-02 6.62649307e-02
-1.47813650e-03 1.79784461e-05 1.62647976e-03 3.58271609e-04 5.40646672e-05 -1.87566024e-05 1.34807082e-04 1.01382115e-04 -8.33409776e-05 2.71686227e-04
-6.16078842e-04 -2.48015594e-03 7.82591384e-04 5.40646672e-05 3.79260609e-04 7.87986275e-05 -3.73395892e-04 -1.73651932e-04 -1.57717548e-04 2.63116639e-04
-1.89897161e-04 -4.62009508e-03 -1.84582698e-03 -1.87566024e-05 7.87986275e-05 6.99511702e-04 -8.17152174e-04 -7.95400746e-04 2.84875488e-03 -2.32788212e-03
-4.88668539e-02 1.07069046e-01 3.16889394e-02 1.34807082e-04 -3.73395892e-04 -8.17152174e-04 1.20891920e-02 9.81741570e-03 -1.52626112e-02 1.29983467e-02
-3.73517558e-02 8.06659725e-02 2.58631014e-02 1.01382115e-04 -1.73651932e-04 -7.95400746e-04 9.81741570e-03 8.99012396e-03 -1.20164384e-02 1.01402624e-02
1.04113682e-01 -1.81232759e-01 -7.65874540e-02 -8.33409776e-05 -1.57717548e-04 2.84875488e-03 -1.52626112e-02 -1.20164384e-02 1.08557107e-01 -9.69453252e-02
-9.85248308e-02 1.61427589e-01 6.62649307e-02 2.71686227e-04 2.63116639e-04 -2.32788212e-03 1.29983467e-02 1.01402624e-02 -9.69453252e-02 8.75340950e-02
