3.49682572e-01 -3.84249597e-01 -5.86171440e-02 2.02239485e-03 -4.02195606e-03 -1.09755830e-02 5.97935248e-02 5.10557690e-02 -5.98363321e-02 5.31035340e-02
-3.84249597e-01 9.99768050e-01 2.03001698e-01 -8.01642338e-03 9.61390454e-03 3.42947238e-02 -1.70492764e-01 -1.60286086e-01 5.65793462e-02 -4.96384982e-02
-5.86171440e-02 2.03001698e-01 7.34714543e-02 -2.31601026e-03 3.54443593e-03 7.96785123e-03 -3.96289578e-02 -3.51890793e-02 -2.95397443e-03 1.44479702e-03
2.02239485e-03 -8.01642338e-03 -2.31601026e-03 5.01322806e-04 -9.95643676e-05 -3.69034417e-04 1.40440522e-03 1.23265701e-03 9.66799727e-04 -7.12106639e-04
-4.02195606e-03 9.61390454e-03 3.54443593e-03 -9.95643676e-05 6.90843606e-04 3.92724290e-04 -2.37952770e-03 -1.55788433e-03 -7.84958683e-04 6.84683812e-04
-1.09755830e-02 3.42947238e-02 7.96785123e-03 -3.69034417e-04 3.92724290e-04 2.29789039e-03 -7.54633296e-03 -7.22050359e-03 3.16048514e-03 -2.60604782e-03
5.97935248e-02 -1.70492764e-01 -3.96289578e-02 1.40440522e-03 -2.37952770e-03 -7.54633296e-03 3.99564783e-02 3.69786211e-02 -6.54274608e-03 5.04799956e-03
5.10557690e-02 -1.60286086e-01 -3.51890793e-02 1.23265701e-03 -1.55788433e-03 -7.22050359e-03 3.69786211e-02 3.70001518e-02 -6.27172927e-03 4.36510967e-03
-5.98363321e-02 5.65793462e-02 -2.95397443e-03 9.66799727e-04 -7.84958683e-04 3.16048514e-03 -6.54274608e-03 -6.27172927e-03 4.78606332e-02 -4.18323950e-02
5.31035340e-02 -4.96384982e-02 1.44479702e-03 -7.12106639e-04 6.84683812e-04 -2.60604782e-03 5.04799956e-03 4.36510967e-03 -4.18323950e-02 3.71697071e-02
