6.09568726e-01 -2.42692173e-01 8.83284279e-04 6.03393872e-04 -3.27693879e-03 -5.54229682e-03 5.17006301e-02 3.71307808e-02 -1.21640900e-01 1.08631079e-01
-2.42692173e-01 1.52907104e+00 2.42875329e-01 -9.47059048e-03 7.98471051e-03 2.98558692e-02 -1.01916355e-01 -9.78435651e-02 9.14615785e-02 -8.02504096e-02
8.83284279e-04 2.42875329e-01 7.08626564e-02 -2.14947021e-03 2.72660161e-03 5.33752734e-03 -1.68281214e-02 -1.38969642e-02 -4.46050569e-03 3.21676953e-03
6.03393872e-04 -9.47059048e-03 -2.14947021e-03 5.81830399e-04 -7.37009603e-05 -2.83536771e-04 6.92529540e-04 5.20571920e-04 1.14988998e-03 -8.65590778e-04
-3.27693879e-03 7.98471051e-03 2.72660161e-03 -7.37009603e-05 7.27027987e-04 1.70689486e-04 -1.32769380e-03 -3.89994577e-04 -9.43644079e-04 8.02263313e-04
-5.54229682e-03 2.98558692e-02 5.33752734e-03 -2.83536771e-04 1.70689486e-04 1.71213147e-03 -2.98586516e-03 -2.93079793e-03 3.98628129e-03 -3.34371949e-03
5.17006301e-02 -1.01916355e-01 -1.68281214e-02 6.92529540e-04 -1.32769380e-03 -2.98586516e-03 1.77983829e-02 1.48553558e-02 -1.16986951e-02 1.01572070e-02
3.71307808e-02 -9.78435651e-02 -1.38969642e-02 5.20571920e-04 -3.89994577e-04 -2.93079793e-03 1.48553558e-02 1.58914912e-02 -1.03178315e-02 8.37241519e-03
-1.21640900e-01 9.14615785e-02 -4.46050569e-03 1.14988998e-03 -9.43644079e-04 3.98628129e-03 -1.16986951e-02 -1.03178315e-02 7.06037799e-02 -6.17760735e-02
1.08631079e-01 -8.02504096e-02 3.21676953e-03 -8.65590778e-04 8.02263313e-04 -3.34371949e-03 1.01572070e-02 8.37241519e-03 -6.17760735e-02 5.46951714e-02
