4.91794939e+00 3.59580659e+00 3.28665751e-01 2.52382340e-02 -8.55523420e-02 -2.07578841e-01 1.58467863e+00 1.41619474e+00 -2.17735286e+00 1.99618134e+00
3.59580659e+00 5.19458569e+00 1.77291386e-01 2.62620670e-02 -8.29818184e-02 -1.63985462e-01 1.50512704e+00 1.35325651e+00 -1.19434297e+00 1.11618778e+00
3.28665751e-01 1.77291386e-01 1.25839688e-01 1.96552287e-03 -2.40734815e-03 -1.81796256e-02 1.25733805e-01 1.17592284e-01 -4.38681450e-01 3.99898970e-01
2.52382340e-02 2.62620670e-02 1.96552287e-03 1.42913914e-03 -2.96443911e-04 -1.69604740e-03 1.26491562e-02 1.11652917e-02 -8.88337879e-03 8.80717503e-03
-8.55523420e-02 -8.29818184e-02 -2.40734815e-03 -2.96443911e-04 3.75853110e-03 5.24952938e-03 -3.80141266e-02 -3.31304507e-02 3.50014896e-02 -3.18268111e-02
-2.07578841e-01 -1.63985462e-01 -1.81796256e-02 -1.69604740e-03 5.24952938e-03 1.62644782e-02 -9.99977047e-02 -8.98385511e-02 1.29832984e-01 -1.16888563e-01
1.58467863e+00 1.50512704e+00 1.25733805e-01 1.26491562e-02 -3.80141266e-02 -9.99977047e-02 7.69102094e-01 6.85548974e-01 -8.59404931e-01 7.88361158e-01
1.41619474e+00 1.35325651e+00 1.17592284e-01 1.11652917e-02 -3.31304507e-02 -8.98385511e-02 6.85548974e-01 6.18330955e-01 -7.68113347e-01 7.03979636e-01
-2.17735286e+00 -1.19434297e+00 -4.38681450e-01 -8.88337879e-03 3.50014896e-02 1.29832984e-01 -8.59404931e-01 -7.68113347e-01 2.40817878e+00 -2.19095362e+00
1.99618134e+00 1.11618778e+00 3.99898970e-01 8.80717503e-03 -3.18268111e-02 -1.16888563e-01 7.88361158e-01 7.03979636e-01 -2.19095362e+00 1.99702247e+00
