1.27751319e+00 2.36214528e-01 6.91394155e-02 4.55924437e-04 -8.65466276e-03 -1.99504138e-02 2.13341316e-01 1.76743710e-01 -2.52774997e-01 2.26388296e-01
2.36214528e-01 2.24752809e+00 2.35487744e-01 -7.16990902e-03 -3.60059505e-03 -4.70759264e-04 1.61039972e-01 1.41352190e-01 4.20832326e-02 -3.46134612e-02
6.91394155e-02 2.35487744e-01 5.45108993e-02 -1.44120632e-03 1.04198087e-03 -3.22075428e-04 2.10961544e-02 2.14376663e-02 -2.81773180e-02 2.52739352e-02
4.55924437e-04 -7.16990902e-03 -1.44120632e-03 6.72336025e-04 -3.37530692e-05 -2.34060222e-04 4.39415256e-04 2.09505406e-04 1.83435965e-03 -1.47120809e-03
-8.65466276e-03 -3.60059505e-03 1.04198087e-03 -3.37530692e-05 8.96035795e-04 1.52313395e-04 -2.83164924e-03 -1.35974637e-03 -1.09393344e-03 8.74409944e-04
-1.99504138e-02 -4.70759264e-04 -3.22075428e-04 -2.34060222e-04 1.52313395e-04 1.89460722e-03 -5.92778031e-03 -5.25107803e-03 7.08649136e-03 -6.10570821e-03
2.13341316e-01 1.61039972e-01 2.10961544e-02 4.39415256e-04 -2.83164924e-03 -5.92778031e-03 6.88430266e-02 5.73073930e-02 -4.02653703e-02 3.67978954e-02
1.76743710e-01 1.41352190e-01 2.14376663e-02 2.09505406e-04 -1.35974637e-03 -5.25107803e-03 5.73073930e-02 5.20219624e-02 -3.57422094e-02 3.20906494e-02
-2.52774997e-01 4.20832326e-02 -2.81773180e-02 1.83435965e-03 -1.09393344e-03 7.08649136e-03 -4.02653703e-02 -3.57422094e-02 1.34864930e-01 -1.18768792e-01
2.26388296e-01 -3.46134612e-02 2.52739352e-02 -1.47120809e-03 8.74409944e-04 -6.10570821e-03 3.67978954e-02 3.20906494e-02 -1.18768792e-01 1.05374572e-01
