1.29056929e-01 3.04266571e-02 2.21520544e-02 7.93178492e-04 7.62595238e-05 -4.35322008e-03 3.07465909e-02 2.74764758e-02 -3.88777766e-02 3.20536045e-02
3.04266571e-02 4.99771333e-01 9.55650054e-02 3.55683663e-03 -1.99818834e-03 -9.23893111e-03 1.09287441e-01 9.58827169e-02 2.66678116e-02 -2.15841569e-02
2.21520544e-02 9.55650054e-02 3.17871502e-02 1.00473729e-03 -4.80477613e-04 -2.50829271e-03 2.83552561e-02 2.52076925e-02 -4.24571835e-03 3.58294259e-03
7.93178492e-04 3.55683663e-03 1.00473729e-03 2.67147956e-04 1.07315496e-05 -1.55340651e-04 1.07626628e-03 9.51187445e-04 3.38198045e-04 -1.90315671e-04
7.62595238e-05 -1.99818834e-03 -4.80477613e-04 1.07315496e-05 2.43834192e-04 3.43371370e-05 -9.46471199e-04 -6.78390323e-04 -3.15869745e-04 2.88033673e-04
-4.35322008e-03 -9.23893111e-03 -2.50829271e-03 -1.55340651e-04 3.43371370e-05 8.05305749e-04 -3.98427676e-03 -3.68878068e-03 5.66107618e-04 -5.11097253e-04
3.07465909e-02 1.09287441e-01 2.83552561e-02 1.07626628e-03 -9.46471199e-04 -3.98427676e-03 4.08215205e-02 3.62716125e-02 -2.33058823e-03 2.03387889e-03
2.74764758e-02 9.58827169e-02 2.52076925e-02 9.51187445e-04 -6.78390323e-04 -3.68878068e-03 3.62716125e-02 3.30296483e-02 -2.14049110e-03 1.73715546e-03
-3.88777766e-02 2.66678116e-02 -4.24571835e-03 3.38198045e-04 -3.15869745e-04 5.66107618e-04 -2.33058823e-03 -2.14049110e-03 2.94477148e-02 -2.52222791e-02
3.20536045e-02 -2.15841569e-02 3.58294259e-03 -1.90315671e-04 2.88033673e-04 -5.11097253e-04 2.03387889e-03 1.73715546e-03 -2.52222791e-02 2.19814421e-02
