2.60491788e+00 1.23898185e+00 1.15027932e-01 4.61707605e-03 -2.96783011e-02 -8.11822885e-02 7.24602877e-01 6.35054112e-01 -5.89526691e-01 5.29598570e-01
1.23898185e+00 3.13804248e+00 1.93197772e-01 6.51397862e-04 -2.80717897e-02 -6.37117973e-02 6.67789265e-01 6.01783464e-01 -2.01907766e-01 1.87774036e-01
1.15027932e-01 1.93197772e-01 4.39943673e-02 -7.67484321e-04 -1.25216148e-04 -4.83068114e-03 4.74951392e-02 4.62416559e-02 -6.99516439e-02 6.36372167e-02
4.61707605e-03 6.51397862e-04 -7.67484321e-04 8.38809291e-04 -9.13704871e-05 -5.48333330e-04 3.03040291e-03 2.48760642e-03 2.22683694e-03 -1.78563849e-03
-2.96783011e-02 -2.80717897e-02 -1.25216148e-04 -9.13704871e-05 1.52659492e-03 1.29621636e-03 -1.31840218e-02 -1.02823615e-02 2.63045509e-03 -2.56513907e-03
-8.11822885e-02 -6.37117973e-02 -4.83068114e-03 -5.48333330e-04 1.29621636e-03 5.92116679e-03 -3.65642327e-02 -3.26075400e-02 2.42607429e-02 -2.13591653e-02
7.24602877e-01 6.67789265e-01 4.74951392e-02 3.03040291e-03 -1.31840218e-02 -3.65642327e-02 3.27418244e-01 2.87341851e-01 -1.76324094e-01 1.60193191e-01
6.35054112e-01 6.01783464e-01 4.62416559e-02 2.48760642e-03 -1.02823615e-02 -3.26075400e-02 2.87341851e-01 2.58052664e-01 -1.58910241e-01 1.43842892e-01
-5.89526691e-01 -2.01907766e-01 -6.99516439e-02 2.22683694e-03 2.63045509e-03 2.42607429e-02 -1.76324094e-01 -1.58910241e-01 3.22164737e-01 -2.87069544e-01
5.29598570e-01 1.87774036e-01 6.36372167e-02 -1.78563849e-03 -2.56513907e-03 -2.13591653e-02 1.60193191e-01 1.43842892e-01 -2.87069544e-01 2.57119625e-01
