1.88926669e-01 -1.64187544e-01 -4.83251516e-02 3.06476363e-03 -2.71929666e-03 -1.30898236e-02 8.61316431e-02 8.04943875e-02 2.12815496e-02 -1.93350637e-02
-1.64187544e-01 1.75416262e-01 4.33882367e-02 -2.60530338e-03 2.25142832e-03 1.27275809e-02 -7.66381225e-02 -7.26478962e-02 -1.42485669e-02 1.32458429e-02
-4.83251516e-02 4.33882367e-02 2.67890959e-02 -1.14561784e-03 1.76045770e-03 4.05606705e-03 -2.61469995e-02 -2.34621851e-02 -1.39124078e-02 1.17629221e-02
3.06476363e-03 -2.60530338e-03 -1.14561784e-03 3.39616914e-04 -4.48628894e-05 -3.19893717e-04 1.55393479e-03 1.42171395e-03 8.70538640e-04 -6.58608932e-04
-2.71929666e-03 2.25142832e-03 1.76045770e-03 -4.48628894e-05 4.63676993e-04 2.68425476e-04 -2.15535260e-03 -1.54576275e-03 -1.35455343e-03 1.19858785e-03
-1.30898236e-02 1.27275809e-02 4.05606705e-03 -3.19893717e-04 2.68425476e-04 1.75504552e-03 -7.98816116e-03 -7.53869732e-03 -1.21138542e-03 1.20253069e-03
8.61316431e-02 -7.66381225e-02 -2.61469995e-02 1.55393479e-03 -2.15535260e-03 -7.98816116e-03 5.39646340e-02 4.99159872e-02 1.28438845e-02 -1.20592642e-02
8.04943875e-02 -7.26478962e-02 -2.34621851e-02 1.42171395e-03 -1.54576275e-03 -7.53869732e-03 4.99159872e-02 4.77225748e-02 1.09533823e-02 -1.06379480e-02
2.12815496e-02 -1.42485669e-02 -1.39124078e-02 8.70538640e-04 -1.35455343e-03 -1.21138542e-03 1.28438845e-02 1.09533823e-02 2.26649070e-02 -1.95943797e-02
-1.93350637e-02 1.32458429e-02 1.17629221e-02 -6.58608932e-04 1.19858785e-03 1.20253069e-03 -1.20592642e-02 -1.06379480e-02 -1.95943797e-02 1.73518915e-02
