6.64340248e+00 4.35388752e+00 3.76313756e-01 2.25153479e-02 -1.07282644e-01 -2.71718210e-01 2.13290525e+00 1.89790105e+00 -2.49125904e+00 2.27310302e+00
4.35388752e+00 5.27060819e+00 2.26528730e-01 2.59625727e-02 -9.50830438e-02 -2.00416322e-01 1.76289185e+00 1.57880951e+00 -1.42050094e+00 1.31321547e+00
3.76313756e-01 2.26528730e-01 1.07362199e-01 6.15605184e-04 -3.19215901e-03 -1.80829427e-02 1.33848505e-01 1.25802204e-01 -3.75034447e-01 3.42177088e-01
2.25153479e-02 2.59625727e-02 6.15605184e-04 1.44750143e-03 -4.25978073e-04 -1.88231233e-03 1.34716778e-02 1.18142729e-02 -1.97407037e-03 2.36674374e-03
-1.07282644e-01 -9.50830438e-02 -3.19215901e-03 -4.25978073e-04 4.21406262e-03 6.18470793e-03 -4.83456026e-02 -4.13407831e-02 3.76507381e-02 -3.45180361e-02
-2.71718210e-01 -2.00416322e-01 -1.80829427e-02 -1.88231233e-03 6.18470793e-03 1.99513572e-02 -1.28161672e-01 -1.14690825e-01 1.35382090e-01 -1.21629996e-01
2.13290525e+00 1.76289185e+00 1.33848505e-01 1.34716778e-02 -4.83456026e-02 -1.28161672e-01 1.00057695e+00 8.86874242e-01 -9.34897313e-01 8.54319847e-01
1.89790105e+00 1.57880951e+00 1.25802204e-01 1.18142729e-02 -4.13407831e-02 -1.14690825e-01 8.86874242e-01 7.95714916e-01 -8.40293238e-01 7.67084630e-01
-2.49125904e+00 -1.42050094e+00 -3.75034447e-01 -1.97407037e-03 3.76507381e-02 1.35382090e-01 -9.34897313e-01 -8.40293238e-01 2.04389614e+00 -1.85434816e+00
2.27310302e+00 1.31321547e+00 3.42177088e-01 2.36674374e-03 -3.45180361e-02 -1.21629996e-01 8.54319847e-01 7.67084630e-01 -1.85434816e+00 1.68601416e+00
