6.33072458e-01 5.95472427e-01 3.96179390e-02 1.91893403e-03 -1.20002814e-02 -3.24636085e-02 2.52252315e-01 2.26423477e-01 -1.98825136e-01 1.77204726e-01
5.95472427e-01 2.19230908e+00 6.51440473e-02 7.91471272e-03 -2.17036782e-02 -5.33789018e-02 5.50197740e-01 5.04794432e-01 -1.38003565e-01 1.29129578e-01
3.96179390e-02 6.51440473e-02 2.86626808e-02 1.56996265e-04 4.05100096e-05 -3.14994300e-03 2.45615139e-02 2.44170845e-02 -6.19282422e-02 5.62538036e-02
1.91893403e-03 7.91471272e-03 1.56996265e-04 5.24774990e-04 -3.71656912e-05 -4.07944514e-04 2.51966715e-03 2.27317462e-03 1.25887828e-04 9.80218870e-05
-1.20002814e-02 -2.17036782e-02 4.05100096e-05 -3.71656912e-05 1.00031005e-03 9.18087216e-04 -7.65533671e-03 -6.35610441e-03 1.11712113e-03 -9.50024999e-04
-3.24636085e-02 -5.33789018e-02 -3.14994300e-03 -4.07944514e-04 9.18087216e-04 4.01852858e-03 -2.45961412e-02 -2.23035977e-02 1.57293225e-02 -1.38055966e-02
2.52252315e-01 5.50197740e-01 2.45615139e-02 2.51966715e-03 -7.65533671e-03 -2.45961412e-02 2.12726500e-01 1.92552332e-01 -1.00611286e-01 9.10395652e-02
2.26423477e-01 5.04794432e-01 2.44170845e-02 2.27317462e-03 -6.35610441e-03 -2.23035977e-02 1.92552332e-01 1.76822606e-01 -9.24500317e-02 8.35371650e-02
-1.98825136e-01 -1.38003565e-01 -6.19282422e-02 1.25887828e-04 1.11712113e-03 1.57293225e-02 -1.00611286e-01 -9.24500317e-02 2.48652685e-01 -2.23395737e-01
1.77204726e-01 1.29129578e-01 5.62538036e-02 9.80218870e-05 -9.50024999e-04 -1.38055966e-02 9.10395652e-02 8.35371650e-02 -2.23395737e-01 2.01718840e-01
