4.52188466e+00 2.69968146e+00 1.88435746e-01 1.27008666e-02 -6.45019625e-02 -1.75462383e-01 1.45803628e+00 1.29478134e+00 -1.26561082e+00 1.14555611e+00
2.69968146e+00 4.15375373e+00 1.80108786e-01 1.29221480e-02 -6.06854050e-02 -1.38563181e-01 1.26482112e+00 1.13892582e+00 -7.03406645e-01 6.48849029e-01
1.88435746e-01 1.80108786e-01 5.73253903e-02 -3.08852883e-04 -9.00288525e-04 -8.94495027e-03 7.33857038e-02 7.05305426e-02 -1.56698755e-01 1.42895808e-01
1.27008666e-02 1.29221480e-02 -3.08852883e-04 1.10511242e-03 -2.54114891e-04 -1.20337989e-03 8.19208480e-03 7.11446801e-03 1.59754368e-03 -1.10295847e-03
-6.45019625e-02 -6.06854050e-02 -9.00288525e-04 -2.54114891e-04 2.66529993e-03 3.52345283e-03 -3.05129216e-02 -2.55206181e-02 1.38713695e-02 -1.28453676e-02
-1.75462383e-01 -1.38563181e-01 -8.94495027e-03 -1.20337989e-03 3.52345283e-03 1.29780217e-02 -8.55954299e-02 -7.66319035e-02 6.48721033e-02 -5.77983445e-02
1.45803628e+00 1.26482112e+00 7.33857038e-02 8.19208480e-03 -3.05129216e-02 -8.55954299e-02 7.04332780e-01 6.24171921e-01 -4.71133267e-01 4.28810287e-01
1.29478134e+00 1.13892582e+00 7.05305426e-02 7.11446801e-03 -2.55206181e-02 -7.66319035e-02 6.24171921e-01 5.60857809e-01 -4.25526967e-01 3.86736913e-01
-1.26561082e+00 -7.03406645e-01 -1.56698755e-01 1.59754368e-03 1.38713695e-02 6.48721033e-02 -4.71133267e-01 -4.25526967e-01 8.16543917e-01 -7.35287459e-01
1.14555611e+00 6.48849029e-01 1.42895808e-01 -1.10295847e-03 -1.28453676e-02 -5.77983445e-02 4.28810287e-01 3.86736913e-01 -7.35287459e-01 6.64423042e-01
