2.52541338e-01 -3.19961615e-01 -7.46676911e-02 2.90299865e-03 -4.07610007e-03 -1.47313316e-02 8.52086778e-02 7.81323426e-02 -6.90134829e-03 5.74518711e-03
-3.19961615e-01 5.39160876e-01 1.28322781e-01 -5.44121134e-03 6.31260692e-03 2.58182106e-02 -1.45183435e-01 -1.36738347e-01 -1.15328988e-03 1.89614515e-03
-7.46676911e-02 1.28322781e-01 5.70758137e-02 -1.93452723e-03 3.06372097e-03 7.11515703e-03 -4.11169002e-02 -3.69006883e-02 -1.26288049e-02 1.02218634e-02
2.90299865e-03 -5.44121134e-03 -1.93452723e-03 4.16696756e-04 -8.03682514e-05 -3.69242123e-04 1.64212048e-03 1.48906774e-03 1.05451443e-03 -8.06759606e-04
-4.07610007e-03 6.31260692e-03 3.06372097e-03 -8.03682514e-05 5.98874948e-04 3.96022589e-04 -2.62557835e-03 -1.88364700e-03 -1.26482459e-03 1.11844135e-03
-1.47313316e-02 2.58182106e-02 7.11515703e-03 -3.69242123e-04 3.96022589e-04 2.23569152e-03 -9.09588647e-03 -8.61972385e-03 5.39084434e-04 -2.92104578e-04
8.52086778e-02 -1.45183435e-01 -4.11169002e-02 1.64212048e-03 -2.62557835e-03 -9.09588647e-03 5.40935988e-02 5.03086536e-02 5.53523582e-03 -5.78079109e-03
7.81323426e-02 -1.36738347e-01 -3.69006883e-02 1.48906774e-03 -1.88364700e-03 -8.61972385e-03 5.03086536e-02 4.89014539e-02 4.47136875e-03 -5.17885582e-03
-6.90134829e-03 -1.15328988e-03 -1.26288049e-02 1.05451443e-03 -1.26482459e-03 5.39084434e-04 5.53523582e-03 4.47136875e-03 3.26066122e-02 -2.84226674e-02
5.74518711e-03 1.89614515e-03 1.02218634e-02 -8.06759606e-04 1.11844135e-03 -2.92104578e-04 -5.78079109e-03 -5.17885582e-03 -2.84226674e-02 2.53045299e-02
