2.09926919e-01 -3.52516037e-01 -6.81500838e-02 -1.36288811e-03 6.56372618e-07 -4.41845112e-04 -2.98510911e-02 -2.58253572e-02 -2.36313327e-02 1.63707881e-02
-3.52516037e-01 1.31233638e+00 2.75030036e-01 4.03238407e-03 -2.42136933e-03 -1.03813869e-02 1.55677187e-01 1.31697220e-01 -6.34805386e-02 5.86556934e-02
-6.81500838e-02 2.75030036e-01 9.82037137e-02 1.56043508e-03 -2.38955862e-04 -3.14078129e-03 4.20349308e-02 3.65993287e-02 -2.97406422e-02 2.55682049e-02
-1.36288811e-03 4.03238407e-03 1.56043508e-03 2.98429220e-04 2.21821791e-05 -8.77170409e-05 6.65280193e-04 5.68163078e-04 2.25861026e-04 -5.51280028e-05
6.56372618e-07 -2.42136933e-03 -2.38955862e-04 2.21821791e-05 2.84384821e-04 3.18625835e-05 -6.58230280e-04 -4.17025008e-04 2.08254011e-05 3.11242641e-05
-4.41845112e-04 -1.03813869e-02 -3.14078129e-03 -8.77170409e-05 3.18625835e-05 7.27934930e-04 -2.46543325e-03 -2.28443551e-03 2.43922572e-03 -2.08659325e-03
-2.98510911e-02 1.55677187e-01 4.20349308e-02 6.65280193e-04 -6.58230280e-04 -2.46543325e-03 2.99078526e-02 2.58217218e-02 -1.58326918e-02 1.38505047e-02
-2.58253572e-02 1.31697220e-01 3.65993287e-02 5.68163078e-04 -4.17025008e-04 -2.28443551e-03 2.58217218e-02 2.32100817e-02 -1.34643229e-02 1.16674574e-02
-2.36313327e-02 -6.34805386e-02 -2.97406422e-02 2.25861026e-04 2.08254011e-05 2.43922572e-03 -1.58326918e-02 -1.34643229e-02 5.84108673e-02 -5.11548663e-02
1.63707881e-02 5.86556934e-02 2.55682049e-02 -5.51280028e-05 3.11242641e-05 -2.08659325e-03 1.38505047e-02 1.16674574e-02 -5.11548663e-02 4.54344861e-02
