2.07303305e+00 -2.33232561e+00 -5.51403242e-01 2.44230026e-03 -6.00644467e-04 -4.27033181e-03 6.36243892e-03 2.22739606e-02 3.93925320e-01 -3.57336869e-01
-2.33232561e+00 3.08977415e+00 5.53805921e-01 -9.11124754e-03 -4.90265219e-03 2.50864790e-03 1.14957709e-02 -1.39285084e-02 -3.02591078e-01 2.65689032e-01
-5.51403242e-01 5.53805921e-01 2.70012712e-01 1.54332295e-03 2.06338875e-03 -2.48495531e-04 7.63602391e-03 2.41547764e-03 -1.68295978e-01 1.46893314e-01
2.44230026e-03 -9.11124754e-03 1.54332295e-03 5.14903573e-04 1.08502588e-04 2.28299140e-05 -4.98632640e-05 -4.06784535e-05 -1.09720350e-03 1.28122263e-03
-6.00644467e-04 -4.90265219e-03 2.06338875e-03 1.08502588e-04 5.70406057e-04 2.07614563e-04 -4.27522365e-04 -2.45429123e-04 -7.62648827e-04 8.92730164e-04
-4.27033181e-03 2.50864790e-03 -2.48495531e-04 2.28299140e-05 2.07614563e-04 8.84061350e-04 -4.19822866e-04 -4.43390822e-04 2.56848314e-03 -1.90374941e-03
6.36243892e-03 1.14957709e-02 7.63602391e-03 -4.98632640e-05 -4.27522365e-04 -4.19822866e-04 4.85911050e-03 3.87328225e-03 -7.86858804e-04 -1.75348663e-04
2.22739606e-02 -1.39285084e-02 2.41547764e-03 -4.06784535e-05 -2.45429123e-04 -4.43390822e-04 3.87328225e-03 4.45462878e-03 2.49720405e-03 -2.91888165e-03
3.93925320e-01 -3.02591078e-01 -1.68295978e-01 -1.09720350e-03 -7.62648827e-04 2.56848314e-03 -7.86858804e-04 2.49720405e-03 2.45077961e-01 -2.20880767e-01
-3.57336869e-01 2.65689032e-01 1.46893314e-01 1.28122263e-03 8.92730164e-04 -1.90374941e-03 -1.75348663e-04 -2.91888165e-03 -2.20880767e-01 2.00488001e-01
