1.55530009e-01 5.94848882e-03 2.08353421e-03 2.42197468e-03 -9.05861249e-04 -9.00060037e-03 7.02109332e-02 6.52738168e-02 5.89157832e-03 -6.13157055e-03
5.94848882e-03 3.65571614e-02 -1.82406535e-03 5.17665242e-04 -9.43533868e-04 -8.09815082e-04 1.36730363e-02 1.11548775e-02 1.64524311e-02 -1.40567800e-02
2.08353421e-03 -1.82406535e-03 3.43539231e-03 -4.68131240e-05 2.34688047e-04 1.82507630e-04 -1.54506581e-04 -7.88653854e-05 -4.71810861e-03 3.99051426e-03
2.42197468e-03 5.17665242e-04 -4.68131240e-05 2.74876461e-04 -6.80943800e-06 -2.39269458e-04 1.31393156e-03 1.19610850e-03 4.97273527e-04 -3.39863148e-04
-9.05861249e-04 -9.43533868e-04 2.34688047e-04 -6.80943800e-06 3.15272667e-04 1.19253367e-04 -1.44951773e-03 -1.03063467e-03 -8.68940555e-04 7.70957033e-04
-9.00060037e-03 -8.09815082e-04 1.82507630e-04 -2.39269458e-04 1.19253367e-04 1.17397330e-03 -5.92385896e-03 -5.54370820e-03 -1.22254919e-03 1.12398128e-03
7.02109332e-02 1.36730363e-02 -1.54506581e-04 1.31393156e-03 -1.44951773e-03 -5.92385896e-03 4.78792579e-02 4.36404455e-02 1.03977468e-02 -9.55238122e-03
6.52738168e-02 1.11548775e-02 -7.88653854e-05 1.19610850e-03 -1.03063467e-03 -5.54370820e-03 4.36404455e-02 4.07896413e-02 8.79602952e-03 -8.29839517e-03
5.89157832e-03 1.64524311e-02 -4.71810861e-03 4.97273527e-04 -8.68940555e-04 -1.22254919e-03 1.03977468e-02 8.79602952e-03 1.81222007e-02 -1.53865522e-02
-6.13157055e-03 -1.40567800e-02 3.99051426e-03 -3.39863148e-04 7.70957033e-04 1.12398128e-03 -9.55238122e-03 -8.29839517e-03 -1.53865522e-02 1.33656227e-02
