1.94475446e+00 -7.12595352e-01 4.18621092e-02 6.70956197e-03 -3.61700525e-03 -3.00022559e-02 2.18799230e-01 2.05562618e-01 -4.18187112e-01 2.78703645e-01
-7.12595352e-01 3.63150335e+00 5.42915597e-01 1.61361844e-02 -5.31453030e-03 2.50058726e-02 -1.28419897e-01 -1.59144632e-01 3.80782947e-02 -2.89207737e-02
4.18621092e-02 5.42915597e-01 2.33610690e-01 -1.44094469e-03 4.47773227e-03 1.09849591e-03 -3.09257435e-03 -7.11912170e-03 -7.18733535e-02 4.38959763e-02
6.70956197e-03 1.61361844e-02 -1.44094469e-03 2.46630821e-03 -4.31591779e-04 -1.01648353e-03 3.55537794e-03 2.91435749e-03 -7.14279792e-03 5.46367893e-03
-3.61700525e-03 -5.31453030e-03 4.47773227e-03 -4.31591779e-04 1.58607138e-03 -1.21427798e-04 -2.52274499e-03 -2.80208605e-03 1.96702973e-03 -2.31516494e-03
-3.00022559e-02 2.50058726e-02 1.09849591e-03 -1.01648353e-03 -1.21427798e-04 3.70971449e-03 -1.16099410e-02 -1.16718625e-02 1.51759958e-02 -9.34752621e-03
2.18799230e-01 -1.28419897e-01 -3.09257435e-03 3.55537794e-03 -2.52274499e-03 -1.16099410e-02 1.06362203e-01 9.88409437e-02 -4.98438387e-02 3.13771465e-02
2.05562618e-01 -1.59144632e-01 -7.11912170e-03 2.91435749e-03 -2.80208605e-03 -1.16718625e-02 9.88409437e-02 9.70064844e-02 -4.97799140e-02 3.14085847e-02
-4.18187112e-01 3.80782947e-02 -7.18733535e-02 -7.14279792e-03 1.96702973e-03 1.51759958e-02 -4.98438387e-02 -4.97799140e-02 3.10536866e-01 -2.15127636e-01
2.78703645e-01 -2.89207737e-02 4.38959763e-02 5.46367893e-03 -2.31516494e-03 -9.34752621e-03 3.13771465e-02 3.14085847e-02 -2.15127636e-01 1.51546051e-01
