1.08069465e+00 -8.71263428e-01 -7.47433548e-02 3.57343746e-03 -3.26555063e-03 -2.03524378e-02 1.23105820e-01 1.20419172e-01 -1.90529348e-01 1.29446493e-01
-8.71263428e-01 2.28152825e+00 4.29101962e-01 9.16497944e-04 8.13865379e-03 4.09579327e-02 -3.66048802e-01 -3.71842696e-01 2.00747776e-02 -2.52934834e-02
-7.47433548e-02 4.29101962e-01 2.13903039e-01 -3.65212155e-03 6.54454184e-03 7.53269042e-03 -7.41786564e-02 -7.47574631e-02 -4.64622001e-02 2.38573897e-02
3.57343746e-03 9.16497944e-04 -3.65212155e-03 1.62853080e-03 -2.59225689e-04 -5.71202764e-04 1.52608227e-03 1.25882015e-03 -4.22259948e-03 3.41518663e-03
-3.26555063e-03 8.13865379e-03 6.54454184e-03 -2.59225689e-04 1.04950099e-03 -5.67907968e-05 -1.95813441e-03 -2.29434269e-03 8.61203469e-04 -1.39975856e-03
-2.03524378e-02 4.09579327e-02 7.53269042e-03 -5.71202764e-04 -5.67907968e-05 3.08609278e-03 -1.35768314e-02 -1.36351900e-02 7.47212961e-03 -4.49299242e-03
1.23105820e-01 -3.66048802e-01 -7.41786564e-02 1.52608227e-03 -1.95813441e-03 -1.35768314e-02 1.17900592e-01 1.16061812e-01 -7.51421535e-03 3.94383597e-03
1.20419172e-01 -3.71842696e-01 -7.47574631e-02 1.25882015e-03 -2.29434269e-03 -1.36351900e-02 1.16061812e-01 1.17678831e-01 -6.60718462e-03 3.42990395e-03
-1.90529348e-01 2.00747776e-02 -4.64622001e-02 -4.22259948e-03 8.61203469e-04 7.47212961e-03 -7.51421535e-03 -6.60718462e-03 1.94008336e-01 -1.34577282e-01
1.29446493e-01 -2.52934834e-02 2.38573897e-02 3.41518663e-03 -1.39975856e-03 -4.49299242e-03 3.94383597e-03 3.42990395e-03 -1.34577282e-01 9.53382743e-02
