6.24127888e+00 1.98638353e+00 4.36172928e-01 4.92173913e-02 -4.21334977e-02 -1.91990531e-01 2.11518053e+00 1.99517327e+00 -1.69842561e+00 1.17428108e+00
1.98638353e+00 6.58353672e+00 6.09246214e-01 8.33936584e-02 -8.03089340e-02 -1.34777265e-01 1.79091771e+00 1.64046775e+00 -6.54795040e-01 5.02301401e-01
4.36172928e-01 6.09246214e-01 2.78719823e-01 7.44073669e-03 -3.66532644e-03 -2.37812170e-02 2.55092838e-01 2.43534718e-01 -3.48304539e-01 2.48107034e-01
4.92173913e-02 8.33936584e-02 7.44073669e-03 6.29329827e-03 -2.16662062e-03 -5.30105265e-03 4.31877758e-02 4.00301162e-02 -2.99728906e-02 2.19080866e-02
-4.21334977e-02 -8.03089340e-02 -3.66532644e-03 -2.16662062e-03 5.13978285e-03 4.19370669e-03 -5.10730633e-02 -4.86745923e-02 2.22365590e-02 -1.72016320e-02
-1.91990531e-01 -1.34777265e-01 -2.37812170e-02 -5.30105265e-03 4.19370669e-03 2.17259329e-02 -1.60915475e-01 -1.50613113e-01 8.86595890e-02 -5.91303368e-02
2.11518053e+00 1.79091771e+00 2.55092838e-01 4.31877758e-02 -5.10730633e-02 -1.60915475e-01 1.70232649e+00 1.57230946e+00 -7.20710959e-01 5.04523774e-01
1.99517327e+00 1.64046775e+00 2.43534718e-01 4.00301162e-02 -4.86745923e-02 -1.50613113e-01 1.57230946e+00 1.46246453e+00 -7.01149951e-01 4.90767994e-01
-1.69842561e+00 -6.54795040e-01 -3.48304539e-01 -2.99728906e-02 2.22365590e-02 8.86595890e-02 -7.20710959e-01 -7.01149951e-01 1.28199693e+00 -8.98366048e-01
1.17428108e+00 5.02301401e-01 2.48107034e-01 2.19080866e-02 -1.72016320e-02 -5.91303368e-02 5.04523774e-01 4.90767994e-01 -8.98366048e-01 6.34609425e-01
