6.39313447e-01 -6.74884382e-01 -1.11132614e-01 3.55324686e-03 -5.15432229e-03 -2.06448126e-02 1.58027854e-01 1.55672894e-01 -4.85599684e-02 3.68755888e-02
-6.74884382e-01 1.20982606e+00 2.62879031e-01 -3.34124206e-03 9.92104420e-03 3.42181274e-02 -3.28622212e-01 -3.24637521e-01 -4.07176978e-02 1.75187922e-02
-1.11132614e-01 2.62879031e-01 1.60126574e-01 -3.43438193e-03 6.05698336e-03 8.16385105e-03 -8.30856658e-02 -8.17401099e-02 -5.20443254e-02 2.85055282e-02
3.55324686e-03 -3.34124206e-03 -3.43438193e-03 1.06571871e-03 -1.84957092e-04 -4.13427311e-04 1.95164741e-03 1.83314937e-03 -2.00021426e-03 1.76012077e-03
-5.15432229e-03 9.92104420e-03 6.05698336e-03 -1.84957092e-04 7.70160298e-04 2.40926894e-04 -3.93016113e-03 -4.10334158e-03 -5.97285606e-05 -5.48362845e-04
-2.06448126e-02 3.42181274e-02 8.16385105e-03 -4.13427311e-04 2.40926894e-04 2.86090692e-03 -1.79666822e-02 -1.75404363e-02 2.63149587e-03 -1.48174672e-03
1.58027854e-01 -3.28622212e-01 -8.30856658e-02 1.95164741e-03 -3.93016113e-03 -1.79666822e-02 1.68968182e-01 1.64520176e-01 1.63022201e-02 -1.11698472e-02
1.55672894e-01 -3.24637521e-01 -8.17401099e-02 1.83314937e-03 -4.10334158e-03 -1.75404363e-02 1.64520176e-01 1.62503222e-01 1.68033388e-02 -1.13777987e-02
-4.85599684e-02 -4.07176978e-02 -5.20443254e-02 -2.00021426e-03 -5.97285606e-05 2.63149587e-03 1.63022201e-02 1.68033388e-02 1.42484626e-01 -9.76391468e-02
3.68755888e-02 1.75187922e-02 2.85055282e-02 1.76012077e-03 -5.48362845e-04 -1.48174672e-03 -1.11698472e-02 -1.13777987e-02 -9.76391468e-02 6.82900743e-02
