3.29438287e+00 -3.79954133e+00 -9.75568843e-01 -6.99331453e-03 6.21840066e-04 -4.12218367e-03 -4.42017523e-02 -1.89488479e-02 5.94186119e-01 -4.22707656e-01
-3.79954133e+00 5.79892150e+00 9.68228096e-01 -8.57997143e-03 -1.19303726e-02 -1.13785409e-02 1.11919416e-01 6.24477467e-02 -2.93911065e-01 2.13091340e-01
-9.75568843e-01 9.68228096e-01 8.52510128e-01 2.09303207e-03 3.59838403e-03 6.75499433e-03 6.86192896e-02 5.96573740e-02 -4.13119685e-01 2.76469383e-01
-6.99331453e-03 -8.57997143e-03 2.09303207e-03 1.84360609e-03 -4.27215095e-05 5.82321855e-04 -7.27956710e-04 3.25976023e-04 -6.41650466e-03 5.21277928e-03
6.21840066e-04 -1.19303726e-02 3.59838403e-03 -4.27215095e-05 1.22392018e-03 -3.08171465e-04 -6.05106215e-04 -4.73006956e-04 -1.33286918e-03 6.23689984e-04
-4.12218367e-03 -1.13785409e-02 6.75499433e-03 5.82321855e-04 -3.08171465e-04 2.61927770e-03 -1.47981186e-03 -1.79687929e-03 2.47220430e-03 -1.00932022e-03
-4.42017523e-02 1.11919416e-01 6.86192896e-02 -7.27956710e-04 -6.05106215e-04 -1.47981186e-03 2.51813692e-02 2.04562346e-02 -3.30051651e-02 2.06607370e-02
-1.89488479e-02 6.24477467e-02 5.96573740e-02 3.25976023e-04 -4.73006956e-04 -1.79687929e-03 2.04562346e-02 2.29448201e-02 -3.15965170e-02 2.00074962e-02
5.94186119e-01 -2.93911065e-01 -4.13119685e-01 -6.41650466e-03 -1.33286918e-03 2.47220430e-03 -3.30051651e-02 -3.15965170e-02 7.47021046e-01 -5.13935189e-01
-4.22707656e-01 2.13091340e-01 2.76469383e-01 5.21277928e-03 6.23689984e-04 -1.00932022e-03 2.06607370e-02 2.00074962e-02 -5.13935189e-01 3.55720539e-01
