1.28504301e+01 7.37500617e+00 8.99764600e-01 6.32158884e-02 -6.19292662e-02 -4.46973442e-01 4.61063825e+00 4.38457668e+00 -5.35661890e+00 3.80051701e+00
7.37500617e+00 1.00626761e+01 5.03110040e-01 6.18068900e-02 -8.95930902e-02 -3.55733385e-01 3.75671054e+00 3.52738398e+00 -2.65798374e+00 1.94907070e+00
8.99764600e-01 5.03110040e-01 3.58692719e-01 8.55158704e-03 -3.89614353e-03 -4.31505942e-02 3.78695607e-01 3.74759793e-01 -1.04220244e+00 7.46452783e-01
6.32158884e-02 6.18068900e-02 8.55158704e-03 9.15842301e-03 -2.89810980e-03 -8.14575211e-03 6.03615166e-02 5.77715842e-02 -7.75546985e-02 5.68094035e-02
-6.19292662e-02 -8.95930902e-02 -3.89614353e-03 -2.89810980e-03 7.64800310e-03 5.66641327e-03 -6.35474748e-02 -6.22624717e-02 5.91717944e-02 -4.41501291e-02
-4.46973442e-01 -3.55733385e-01 -4.31505942e-02 -8.14575211e-03 5.66641327e-03 5.26527191e-02 -3.70402700e-01 -3.49559881e-01 3.17873576e-01 -2.18738769e-01
4.61063825e+00 3.75671054e+00 3.78695607e-01 6.03615166e-02 -6.35474748e-02 -3.70402700e-01 3.43051237e+00 3.20664896e+00 -2.63464443e+00 1.86543433e+00
4.38457668e+00 3.52738398e+00 3.74759793e-01 5.77715842e-02 -6.22624717e-02 -3.49559881e-01 3.20664896e+00 3.01513405e+00 -2.57178216e+00 1.82149803e+00
-5.35661890e+00 -2.65798374e+00 -1.04220244e+00 -7.75546985e-02 5.91717944e-02 3.17873576e-01 -2.63464443e+00 -2.57178216e+00 5.65565667e+00 -4.01263638e+00
3.80051701e+00 1.94907070e+00 7.46452783e-01 5.68094035e-02 -4.41501291e-02 -2.18738769e-01 1.86543433e+00 1.82149803e+00 -4.01263638e+00 2.85724207e+00
