4.62691800e-01 -5.39037916e-01 -7.60704649e-02 8.33623551e-04 3.25967524e-03 -4.27924102e-03 -2.55481455e-02 -1.81307043e-02 -1.16633446e-01 7.55901015e-02
-5.39037916e-01 2.21546943e+00 4.84769192e-01 4.27755166e-05 -1.21156169e-02 -1.70382740e-02 2.87738361e-01 2.55115644e-01 -7.45291216e-02 5.80476584e-02
-7.60704649e-02 4.84769192e-01 2.30457868e-01 6.90735476e-04 -1.68758301e-03 -5.56009554e-03 9.70729991e-02 9.00217554e-02 -7.70549318e-02 5.40741425e-02
8.33623551e-04 4.27755166e-05 6.90735476e-04 6.52921926e-04 -5.26234075e-05 9.97712867e-05 7.43167229e-04 7.69925395e-04 -1.42359530e-03 1.29632086e-03
3.25967524e-03 -1.21156169e-02 -1.68758301e-03 -5.26234075e-05 5.21153155e-04 9.29527159e-07 -2.59219884e-03 -2.30001212e-03 -5.56157857e-04 1.21357901e-04
-4.27924102e-03 -1.70382740e-02 -5.56009554e-03 9.97712867e-05 9.29527159e-07 1.41193941e-03 -7.05215054e-03 -6.75500674e-03 5.62340331e-03 -3.46517106e-03
-2.55481455e-02 2.87738361e-01 9.70729991e-02 7.43167229e-04 -2.59219884e-03 -7.05215054e-03 9.13867168e-02 8.30496941e-02 -4.34620325e-02 3.03285595e-02
-1.81307043e-02 2.55115644e-01 9.00217554e-02 7.69925395e-04 -2.30001212e-03 -6.75500674e-03 8.30496941e-02 7.77993487e-02 -4.19500240e-02 2.92272034e-02
-1.16633446e-01 -7.45291216e-02 -7.70549318e-02 -1.42359530e-03 -5.56157857e-04 5.62340331e-03 -4.34620325e-02 -4.19500240e-02 1.81302936e-01 -1.24975616e-01
7.55901015e-02 5.80476584e-02 5.40741425e-02 1.29632086e-03 1.21357901e-04 -3.46517106e-03 3.03285595e-02 2.92272034e-02 -1.24975616e-01 8.71190638e-02
