3.23573920e-01 -2.41911440e-03 1.27936585e-02 3.54069696e-03 -4.13897298e-03 -1.29451639e-02 1.51172918e-01 1.47270934e-01 7.69542269e-03 -2.97656783e-03
-2.41911440e-03 1.02661384e-01 5.08825484e-04 3.33211799e-04 -1.05227285e-03 -2.15140370e-03 2.43581197e-02 2.28855017e-02 4.34057376e-02 -2.79152120e-02
1.27936585e-02 5.08825484e-04 2.40843521e-02 -4.64512837e-04 7.28601863e-04 -1.25702331e-04 3.34435481e-04 2.56160063e-04 -1.38972237e-02 7.80460189e-03
3.54069696e-03 3.33211799e-04 -4.64512837e-04 3.46928871e-04 -3.44392871e-05 -1.76225359e-04 1.97244945e-03 1.86931649e-03 7.35307122e-04 -3.56127579e-04
-4.13897298e-03 -1.05227285e-03 7.28601863e-04 -3.44392871e-05 4.19698050e-04 3.75821190e-04 -5.09461460e-03 -4.94221472e-03 -1.19667499e-03 6.35516893e-04
-1.29451639e-02 -2.15140370e-03 -1.25702331e-04 -1.76225359e-04 3.75821190e-04 1.54306953e-03 -1.39349591e-02 -1.31689275e-02 -1.47642278e-03 1.08077192e-03
1.51172918e-01 2.43581197e-02 3.34435481e-04 1.97244945e-03 -5.09461460e-03 -1.39349591e-02 1.59276148e-01 1.50851804e-01 2.54735204e-02 -1.65702175e-02
1.47270934e-01 2.28855017e-02 2.56160063e-04 1.86931649e-03 -4.94221472e-03 -1.31689275e-02 1.50851804e-01 1.43949297e-01 2.42157789e-02 -1.55717030e-02
7.69542269e-03 4.34057376e-02 -1.38972237e-02 7.35307122e-04 -1.19667499e-03 -1.47642278e-03 2.54735204e-02 2.42157789e-02 4.64210608e-02 -2.99638957e-02
-2.97656783e-03 -2.79152120e-02 7.80460189e-03 -3.56127579e-04 6.35516893e-04 1.08077192e-03 -1.65702175e-02 -1.55717030e-02 -2.99638957e-02 1.98239400e-02
