3.70254680e-01 -3.01851649e-01 -7.10431126e-02 3.76197287e-03 -5.58456615e-03 -1.74830562e-02 1.70429772e-01 1.66890966e-01 3.67305342e-02 -2.08407009e-02
-3.01851649e-01 3.33628950e-01 8.30687231e-02 -2.96273955e-03 5.88132566e-03 1.63497141e-02 -1.72725773e-01 -1.68260155e-01 -4.05972198e-02 2.31165987e-02
-7.10431126e-02 8.30687231e-02 7.85768723e-02 -2.15272705e-03 3.71156840e-03 5.00215765e-03 -5.44413637e-02 -5.29294008e-02 -3.85489357e-02 2.17062195e-02
3.76197287e-03 -2.96273955e-03 -2.15272705e-03 6.03507194e-04 -1.05333754e-04 -2.84230426e-04 2.18006538e-03 2.11454357e-03 -1.08393383e-05 2.31815368e-04
-5.58456615e-03 5.88132566e-03 3.71156840e-03 -1.05333754e-04 5.46978668e-04 4.15573324e-04 -5.19423476e-03 -5.18678912e-03 -9.40264784e-04 3.06810568e-04
-1.74830562e-02 1.63497141e-02 5.00215765e-03 -2.84230426e-04 4.15573324e-04 2.18080971e-03 -1.72196968e-02 -1.65119936e-02 -1.29740785e-03 1.00480675e-03
1.70429772e-01 -1.72725773e-01 -5.44413637e-02 2.18006538e-03 -5.19423476e-03 -1.72196968e-02 1.78339775e-01 1.71438901e-01 3.55408046e-02 -2.36978636e-02
1.66890966e-01 -1.68260155e-01 -5.29294008e-02 2.11454357e-03 -5.18678912e-03 -1.65119936e-02 1.71438901e-01 1.66311582e-01 3.49894643e-02 -2.31608154e-02
3.67305342e-02 -4.05972198e-02 -3.85489357e-02 -1.08393383e-05 -9.40264784e-04 -1.29740785e-03 3.55408046e-02 3.49894643e-02 8.06235615e-02 -5.34946341e-02
-2.08407009e-02 2.31165987e-02 2.17062195e-02 2.31815368e-04 3.06810568e-04 1.00480675e-03 -2.36978636e-02 -2.31608154e-02 -5.34946341e-02 3.62392228e-02
