3.66145381e+00 1.36535937e-01 2.31180204e-01 2.11152069e-02 -1.51713081e-02 -8.03457912e-02 8.08760451e-01 7.58588273e-01 -8.54512439e-01 5.76441049e-01
1.36535937e-01 5.10924347e+00 6.18792536e-01 4.74395914e-02 -3.72810080e-02 -3.19893531e-02 5.84786932e-01 5.03195624e-01 -1.32197920e-01 1.10168140e-01
2.31180204e-01 6.18792536e-01 2.61855872e-01 2.90283141e-03 4.82308638e-04 -1.07661221e-02 1.25004970e-01 1.15994755e-01 -1.66342760e-01 1.14423909e-01
2.11152069e-02 4.74395914e-02 2.90283141e-03 4.03446974e-03 -1.05087529e-03 -2.45033678e-03 1.60385655e-02 1.44122252e-02 -1.37574375e-02 1.01623042e-02
-1.51713081e-02 -3.72810080e-02 4.82308638e-04 -1.05087529e-03 2.92110081e-03 1.07206836e-03 -1.69786138e-02 -1.63447979e-02 7.00285573e-03 -6.08574327e-03
-8.03457912e-02 -3.19893531e-02 -1.07661221e-02 -2.45033678e-03 1.07206836e-03 8.57428796e-03 -4.86734655e-02 -4.58784228e-02 3.53791947e-02 -2.26899157e-02
8.08760451e-01 5.84786932e-01 1.25004970e-01 1.60385655e-02 -1.69786138e-02 -4.86734655e-02 5.22666624e-01 4.77087486e-01 -2.16430495e-01 1.47045299e-01
7.58588273e-01 5.03195624e-01 1.15994755e-01 1.44122252e-02 -1.63447979e-02 -4.58784228e-02 4.77087486e-01 4.42572984e-01 -2.13134248e-01 1.44760263e-01
-8.54512439e-01 -1.32197920e-01 -1.66342760e-01 -1.37574375e-02 7.00285573e-03 3.53791947e-02 -2.16430495e-01 -2.13134248e-01 5.95663518e-01 -4.13502986e-01
5.76441049e-01 1.10168140e-01 1.14423909e-01 1.01623042e-02 -6.08574327e-03 -2.26899157e-02 1.47045299e-01 1.44760263e-01 -4.13502986e-01 2.90471580e-01
