3.38518281e-01 3.59857853e-02 5.55379569e-02 2.68925467e-03 -5.41506383e-04 -8.94331769e-03 8.51737330e-02 8.34719402e-02 -1.04511329e-01 7.10722234e-02
3.59857853e-02 8.56090019e-01 1.50506450e-01 1.72782089e-03 -7.39223263e-03 -1.31859514e-02 1.93577852e-01 1.79033511e-01 6.31625509e-02 -3.72137595e-02
5.55379569e-02 1.50506450e-01 6.79967703e-02 4.02144765e-04 -1.13936327e-03 -4.25969668e-03 5.55851535e-02 5.25026447e-02 -2.04749050e-02 1.45875156e-02
2.68925467e-03 1.72782089e-03 4.02144765e-04 4.02970531e-04 -5.05822155e-06 -7.01614587e-05 1.28046025e-03 1.16581562e-03 -2.04268269e-04 3.35338509e-04
-5.41506383e-04 -7.39223263e-03 -1.13936327e-03 -5.05822155e-06 4.25600521e-04 1.67575868e-04 -3.76535515e-03 -3.53956250e-03 -9.24594532e-04 4.42996216e-04
-8.94331769e-03 -1.31859514e-02 -4.25969668e-03 -7.01614587e-05 1.67575868e-04 1.30322651e-03 -1.01825361e-02 -9.58631121e-03 2.30448308e-03 -1.38921650e-03
8.51737330e-02 1.93577852e-01 5.55851535e-02 1.28046025e-03 -3.76535515e-03 -1.01825361e-02 1.25102630e-01 1.16425582e-01 -1.19983465e-02 9.17344699e-03
8.34719402e-02 1.79033511e-01 5.25026447e-02 1.16581562e-03 -3.53956250e-03 -9.58631121e-03 1.16425582e-01 1.09687934e-01 -1.23724226e-02 9.46318444e-03
-1.04511329e-01 6.31625509e-02 -2.04749050e-02 -2.04268269e-04 -9.24594532e-04 2.30448308e-03 -1.19983465e-02 -1.23724226e-02 8.23180883e-02 -5.58406161e-02
7.10722234e-02 -3.72137595e-02 1.45875156e-02 3.35338509e-04 4.42996216e-04 -1.38921650e-03 9.17344699e-03 9.46318444e-03 -5.58406161e-02 3.85881621e-02
