1.55275101e+00 8.96338027e-01 2.22624467e-02 -8.32671097e-03 -1.63636489e-03 -5.07635317e-02 5.19711922e-01 4.91222777e-01 -4.63991438e-01 3.14333769e-01
8.96338027e-01 4.02594734e+00 -1.36797013e-01 -1.69020531e-02 -3.40040755e-02 -6.11368505e-02 9.31434685e-01 8.78064718e-01 -2.32102252e-01 1.75985861e-01
2.22624467e-02 -1.36797013e-01 1.24656512e-01 -1.77247332e-03 3.21263833e-03 -5.32332894e-03 -3.57397133e-02 -3.26666684e-02 -1.60392045e-01 1.08904900e-01
-8.32671097e-03 -1.69020531e-02 -1.77247332e-03 1.87398377e-03 2.81844050e-05 -3.40218892e-04 -1.14717372e-03 -1.09966692e-03 -4.69696812e-03 4.12437203e-03
-1.63636489e-03 -3.40040755e-02 3.21263833e-03 2.81844050e-05 2.10812887e-03 4.82061632e-04 -1.27547416e-02 -1.22891739e-02 -1.95745550e-03 7.80773022e-04
-5.07635317e-02 -6.11368505e-02 -5.32332894e-03 -3.40218892e-04 4.82061632e-04 7.37631157e-03 -4.28965442e-02 -4.04684075e-02 4.74897713e-02 -3.21305785e-02
5.19711922e-01 9.31434685e-01 -3.57397133e-02 -1.14717372e-03 -1.27547416e-02 -4.28965442e-02 5.07608172e-01 4.72282918e-01 -2.65825148e-01 1.87855654e-01
4.91222777e-01 8.78064718e-01 -3.26666684e-02 -1.09966692e-03 -1.22891739e-02 -4.04684075e-02 4.72282918e-01 4.42894588e-01 -2.61004726e-01 1.84601395e-01
-4.63991438e-01 -2.32102252e-01 -1.60392045e-01 -4.69696812e-03 -1.95745550e-03 4.74897713e-02 -2.65825148e-01 -2.61004726e-01 1.01013112e+00 -7.13428410e-01
3.14333769e-01 1.75985861e-01 1.08904900e-01 4.12437203e-03 7.80773022e-04 -3.21305785e-02 1.87855654e-01 1.84601395e-01 -7.13428410e-01 5.06682823e-01
