1.27445069e+00 -1.80675471e+00 -4.31570856e-01 -3.05558257e-03 4.60816349e-03 -1.68357675e-03 -9.57780849e-02 -7.66449945e-02 9.53082200e-02 -7.37730278e-02
-1.80675471e+00 3.72957423e+00 7.92124589e-01 -2.90732893e-03 -1.34732019e-02 -1.48928961e-02 2.53560231e-01 2.09432539e-01 -2.41929872e-01 1.72742346e-01
-4.31570856e-01 7.92124589e-01 4.95108935e-01 1.25007339e-03 -2.91095079e-04 -1.67019225e-03 1.01936679e-01 9.24432222e-02 -1.91348062e-01 1.29971537e-01
-3.05558257e-03 -2.90732893e-03 1.25007339e-03 1.07913261e-03 -9.41562910e-05 3.45371768e-04 2.70913376e-05 4.27754788e-04 -3.28717026e-03 2.76185820e-03
4.60816349e-03 -1.34732019e-02 -2.91095079e-04 -9.41562910e-05 7.14779616e-04 -1.44284441e-04 -1.22026011e-03 -9.71320896e-04 -1.00927406e-04 -2.34919644e-04
-1.68357675e-03 -1.48928961e-02 -1.67019225e-03 3.45371768e-04 -1.44284441e-04 1.75918292e-03 -3.65136745e-03 -3.74471928e-03 5.53922945e-03 -3.24583251e-03
-9.57780849e-02 2.53560231e-01 1.01936679e-01 2.70913376e-05 -1.22026011e-03 -3.65136745e-03 5.04404205e-02 4.41095322e-02 -5.28551202e-02 3.57781498e-02
-7.66449945e-02 2.09432539e-01 9.24432222e-02 4.27754788e-04 -9.71320896e-04 -3.74471928e-03 4.41095322e-02 4.25029673e-02 -4.99253295e-02 3.37596701e-02
9.53082200e-02 -2.41929872e-01 -1.91348062e-01 -3.28717026e-03 -1.00927406e-04 5.53922945e-03 -5.28551202e-02 -4.99253295e-02 3.58943859e-01 -2.47735264e-01
-7.37730278e-02 1.72742346e-01 1.29971537e-01 2.76185820e-03 -2.34919644e-04 -3.24583251e-03 3.57781498e-02 3.37596701e-02 -2.47735264e-01 1.72342912e-01
