8.99254863e+00 5.26621407e+00 4.17800749e-01 -1.84946229e-02 -1.95884377e-02 -2.96800529e-01 2.90641864e+00 2.79503733e+00 -4.11748164e+00 2.90886205e+00
5.26621407e+00 8.93976616e+00 9.20920427e-02 -2.45426402e-02 -4.53385379e-02 -2.46820374e-01 2.61741941e+00 2.47579156e+00 -1.74990895e+00 1.29615633e+00
4.17800749e-01 9.20920427e-02 2.49561192e-01 9.55789675e-04 3.67064185e-03 -2.31484704e-02 1.47415740e-01 1.50303095e-01 -8.02424935e-01 5.71334815e-01
-1.84946229e-02 -2.45426402e-02 9.55789675e-04 5.63033722e-03 -8.70151010e-04 -2.18473611e-03 1.08165126e-02 1.03544059e-02 -3.17710069e-02 2.45812774e-02
-1.95884377e-02 -4.53385379e-02 3.67064185e-03 -8.70151010e-04 5.39454899e-03 1.11605473e-03 -2.60116211e-02 -2.59179681e-02 1.80862363e-02 -1.45410367e-02
-2.96800529e-01 -2.46820374e-01 -2.31484704e-02 -2.18473611e-03 1.11605473e-03 3.37186577e-02 -2.17583587e-01 -2.06007707e-01 2.46159964e-01 -1.70176494e-01
2.90641864e+00 2.61741941e+00 1.47415740e-01 1.08165126e-02 -2.60116211e-02 -2.17583587e-01 1.98625581e+00 1.87179700e+00 -1.95215147e+00 1.38758568e+00
2.79503733e+00 2.47579156e+00 1.50303095e-01 1.03544059e-02 -2.59179681e-02 -2.06007707e-01 1.87179700e+00 1.77551239e+00 -1.92322473e+00 1.36772312e+00
-4.11748164e+00 -1.74990895e+00 -8.02424935e-01 -3.17710069e-02 1.80862363e-02 2.46159964e-01 -1.95215147e+00 -1.92322473e+00 5.66150193e+00 -4.03174062e+00
2.90886205e+00 1.29615633e+00 5.71334815e-01 2.45812774e-02 -1.45410367e-02 -1.70176494e-01 1.38758568e+00 1.36772312e+00 -4.03174062e+00 2.88040473e+00
