9.51727372e+00 4.71739722e+00 6.62517994e-01 7.44653648e-02 -6.64687826e-02 -3.34123419e-01 3.65100498e+00 3.45597932e+00 -3.19872428e+00 2.25213312e+00
4.71739722e+00 8.04859444e+00 5.72290392e-01 9.53613678e-02 -1.04809152e-01 -2.57680431e-01 3.01217335e+00 2.80526958e+00 -1.62293736e+00 1.20283600e+00
6.62517994e-01 5.72290392e-01 3.10466436e-01 9.58114725e-03 -5.49212425e-03 -3.48297057e-02 3.41183186e-01 3.31396335e-01 -6.33937071e-01 4.54350563e-01
7.44653648e-02 9.53613678e-02 9.58114725e-03 8.31563932e-03 -3.01191685e-03 -8.05752794e-03 6.55547183e-02 6.17209788e-02 -5.67291375e-02 4.13206712e-02
-6.64687826e-02 -1.04809152e-01 -5.49212425e-03 -3.01191685e-03 6.97899965e-03 6.79171574e-03 -7.57481986e-02 -7.27465321e-02 4.62934972e-02 -3.46168057e-02
-3.34123419e-01 -2.57680431e-01 -3.48297057e-02 -8.05752794e-03 6.79171574e-03 3.93014805e-02 -2.97415509e-01 -2.79133792e-01 1.88133068e-01 -1.28178112e-01
3.65100498e+00 3.01217335e+00 3.41183186e-01 6.55547183e-02 -7.57481986e-02 -2.97415509e-01 2.97612928e+00 2.76678567e+00 -1.62540317e+00 1.14770254e+00
3.45597932e+00 2.80526958e+00 3.31396335e-01 6.17209788e-02 -7.27465321e-02 -2.79133792e-01 2.76678567e+00 2.58629390e+00 -1.57774292e+00 1.11425498e+00
-3.19872428e+00 -1.62293736e+00 -6.33937071e-01 -5.67291375e-02 4.62934972e-02 1.88133068e-01 -1.62540317e+00 -1.57774292e+00 2.79661938e+00 -1.97590726e+00
2.25213312e+00 1.20283600e+00 4.54350563e-01 4.13206712e-02 -3.46168057e-02 -1.28178112e-01 1.14770254e+00 1.11425498e+00 -1.97590726e+00 1.40338807e+00
