7.18661247e-02 -8.46816266e-03 7.28354624e-04 2.68777258e-04 7.77699909e-04 -1.41725295e-03 1.10040894e-02 1.01855119e-02 4.59910833e-04 2.00585297e-03
-8.46816266e-03 4.52714041e-03 -2.92884305e-04 -9.87403625e-05 -1.26395175e-04 2.45298397e-04 -2.17633275e-03 -1.72567889e-03 5.60002795e-04 -9.48828001e-04
7.28354624e-04 -2.92884305e-04 4.31910287e-04 8.57301778e-05 2.09901748e-04 9.88042560e-05 3.13009082e-04 2.32947088e-04 1.86469339e-04 1.00958959e-04
2.68777258e-04 -9.87403625e-05 8.57301778e-05 7.75959501e-04 4.35804961e-04 1.25881790e-04 -9.33749950e-05 9.96676928e-05 -1.64382588e-04 1.99468769e-04
7.77699909e-04 -1.26395175e-04 2.09901748e-04 4.35804961e-04 5.69788497e-04 1.49082298e-04 -2.05118123e-04 -7.02422543e-05 1.34721539e-04 2.28552369e-04
-1.41725295e-03 2.45298397e-04 9.88042560e-05 1.25881790e-04 1.49082298e-04 9.05000988e-04 -1.36718524e-03 -1.31535908e-03 1.84793494e-04 -6.75650793e-05
1.10040894e-02 -2.17633275e-03 3.13009082e-04 -9.33749950e-05 -2.05118123e-04 -1.36718524e-03 5.48094467e-03 5.12645376e-03 -2.29708200e-04 7.70618423e-04
1.01855119e-02 -1.72567889e-03 2.32947088e-04 9.96676928e-05 -7.02422543e-05 -1.31535908e-03 5.12645376e-03 5.09061763e-03 -2.21809190e-04 7.97725419e-04
4.59910833e-04 5.60002795e-04 1.86469339e-04 -1.64382588e-04 1.34721539e-04 1.84793494e-04 -2.29708200e-04 -2.21809190e-04 1.12447803e-03 -6.30259325e-04
2.00585297e-03 -9.48828001e-04 1.00958959e-04 1.99468769e-04 2.28552369e-04 -6.75650793e-05 7.70618423e-04 7.97725419e-04 -6.30259325e-04 1.43468687e-03
