1.27819297e+00 -7.20815902e-02 3.62648599e-03 1.27810992e-02 1.41917839e-03 -5.04345668e-02 2.57834529e-01 2.40171191e-01 1.93130777e-02 -1.00044081e-02
-7.20815902e-02 1.77610039e-02 -4.39510111e-04 -7.28307332e-04 -1.16361999e-04 2.41980574e-03 -1.33474480e-02 -1.24148898e-02 1.14758813e-03 -1.82787336e-03
3.62648599e-03 -4.39510111e-04 3.16734324e-04 8.13341897e-05 1.31880497e-04 -6.66668141e-05 9.12032256e-04 8.33089099e-04 2.96437078e-04 -1.50469667e-06
1.27810992e-02 -7.28307332e-04 8.13341897e-05 6.77504388e-04 3.79455248e-04 -3.01574504e-04 2.03630468e-03 1.99966300e-03 2.62043979e-05 1.29195373e-04
1.41917839e-03 -1.16361999e-04 1.31880497e-04 3.79455248e-04 5.70421610e-04 4.60496003e-04 -1.69647052e-03 -1.51785451e-03 3.66244711e-05 2.21961499e-04
-5.04345668e-02 2.41980574e-03 -6.66668141e-05 -3.01574504e-04 4.60496003e-04 4.18717225e-03 -1.85059988e-02 -1.72686345e-02 -1.01109066e-03 6.17162549e-04
2.57834529e-01 -1.33474480e-02 9.12032256e-04 2.03630468e-03 -1.69647052e-03 -1.85059988e-02 9.13119118e-02 8.49385510e-02 5.32416423e-03 -2.92582533e-03
2.40171191e-01 -1.24148898e-02 8.33089099e-04 1.99966300e-03 -1.51785451e-03 -1.72686345e-02 8.49385510e-02 7.92672741e-02 4.87833540e-03 -2.58017965e-03
1.93130777e-02 1.14758813e-03 2.96437078e-04 2.62043979e-05 3.66244711e-05 -1.01109066e-03 5.32416423e-03 4.87833540e-03 2.23327814e-03 -1.53386067e-03
-1.00044081e-02 -1.82787336e-03 -1.50469667e-06 1.29195373e-04 2.21961499e-04 6.17162549e-04 -2.92582533e-03 -2.58017965e-03 -1.53386067e-03 1.99512649e-03
