4.14651404e-01 -2.62029821e-02 2.32016475e-03 6.44830789e-03 2.12943739e-03 -1.50268977e-02 8.06531251e-02 7.61025459e-02 5.72885366e-03 -1.13655752e-04
-2.62029821e-02 7.19698049e-03 -3.72504108e-04 -4.79137106e-04 -1.93950325e-04 9.42487596e-04 -5.77467531e-03 -5.23894719e-03 3.15599985e-04 -7.97318186e-04
2.32016475e-03 -3.72504108e-04 3.59936054e-04 8.94260439e-05 1.65456360e-04 5.73390545e-06 6.46779223e-04 5.70588955e-04 2.28971610e-04 5.22369031e-05
6.44830789e-03 -4.79137106e-04 8.94260439e-05 6.99581829e-04 4.07020075e-04 -5.74637394e-05 7.88614505e-04 8.81952126e-04 -3.82065269e-05 1.46032447e-04
2.12943739e-03 -1.93950325e-04 1.65456360e-04 4.07020075e-04 5.32295259e-04 2.00296836e-04 -4.76456486e-04 -3.50586925e-04 1.27955472e-04 1.77255207e-04
-1.50268977e-02 9.42487596e-04 5.73390545e-06 -5.74637394e-05 2.00296836e-04 1.77761933e-03 -6.16357898e-03 -5.83290193e-03 -1.70965789e-04 3.29756647e-05
8.06531251e-02 -5.77467531e-03 6.46779223e-04 7.88614505e-04 -4.76456486e-04 -6.16357898e-03 2.94464711e-02 2.76417622e-02 1.40044514e-03 1.68098028e-05
7.61025459e-02 -5.23894719e-03 5.70588955e-04 8.81952126e-04 -3.50586925e-04 -5.83290193e-03 2.76417622e-02 2.62022403e-02 1.28106116e-03 1.14024241e-04
5.72885366e-03 3.15599985e-04 2.28971610e-04 -3.82065269e-05 1.27955472e-04 -1.70965789e-04 1.40044514e-03 1.28106116e-03 1.06116620e-03 -4.60648791e-04
-1.13655752e-04 -7.97318186e-04 5.22369031e-05 1.46032447e-04 1.77255207e-04 3.29756647e-05 1.68098028e-05 1.14024241e-04 -4.60648791e-04 1.06116262e-03
