6.70340697e+00 2.33197615e+00 -4.65924753e-03 6.00497119e-02 -1.83523681e-02 -2.89292072e-01 1.52708775e+00 1.38362412e+00 -1.61076571e-01 1.94333946e-01
2.33197615e+00 4.31746489e+00 3.86109906e-03 4.44942233e-02 -3.56364739e-02 -2.27325345e-01 1.10335166e+00 9.89721362e-01 8.03969772e-01 -8.10329969e-01
-4.65924753e-03 3.86109906e-03 3.29563745e-04 4.13038469e-05 -4.01068980e-05 4.42567901e-05 1.89232942e-04 2.42831050e-04 1.84856977e-04 9.96442550e-05
6.00497119e-02 4.44942233e-02 4.13038469e-05 1.26190861e-03 -2.02809335e-04 -3.63366821e-03 1.86173885e-02 1.68761424e-02 3.91763796e-03 -3.94557878e-03
-1.83523681e-02 -3.56364739e-02 -4.01068980e-05 -2.02809335e-04 1.74429072e-03 3.86017038e-03 -1.86217458e-02 -1.72322258e-02 -6.53764693e-03 6.62411746e-03
-2.89292072e-01 -2.27325345e-01 4.42567901e-05 -3.63366821e-03 3.86017038e-03 2.79761251e-02 -1.41924207e-01 -1.28480170e-01 -2.16225095e-02 2.10621133e-02
1.52708775e+00 1.10335166e+00 1.89232942e-04 1.86173885e-02 -1.86217458e-02 -1.41924207e-01 7.39171363e-01 6.69605888e-01 9.07880895e-02 -8.76102671e-02
1.38362412e+00 9.89721362e-01 2.42831050e-04 1.68761424e-02 -1.72322258e-02 -1.28480170e-01 6.69605888e-01 6.07202186e-01 7.78491200e-02 -7.48885994e-02
-1.61076571e-01 8.03969772e-01 1.84856977e-04 3.91763796e-03 -6.53764693e-03 -2.16225095e-02 9.07880895e-02 7.78491200e-02 2.77894519e-01 -2.87474376e-01
1.94333946e-01 -8.10329969e-01 9.96442550e-05 -3.94557878e-03 6.62411746e-03 2.10621133e-02 -8.76102671e-02 -7.48885994e-02 -2.87474376e-01 2.99181378e-01
