4.31368412e+00 5.11592432e-04 7.46918605e-03 4.40894205e-02 -3.15912720e-02 -3.20118048e-01 1.70757668e+00 1.55942127e+00 3.85198217e-02 -3.09011102e-02
5.11592432e-04 2.39142830e-02 4.48366394e-04 -8.13186883e-04 -4.78203118e-04 8.57944290e-04 -8.44144008e-03 -7.11136260e-03 8.38512704e-03 -7.95007218e-03
7.46918605e-03 4.48366394e-04 2.87272597e-04 8.98571394e-05 1.11808250e-04 -2.80292118e-05 5.64768748e-04 5.06427708e-04 6.28134133e-04 -2.90970917e-04
4.40894205e-02 -8.13186883e-04 8.98571394e-05 1.06660963e-03 -1.04090820e-05 -3.12108287e-03 1.71630320e-02 1.57246593e-02 -3.81872116e-05 2.27640122e-04
-3.15912720e-02 -4.78203118e-04 1.11808250e-04 -1.04090820e-05 1.45629833e-03 5.64293836e-03 -2.86567864e-02 -2.63087561e-02 -3.93786694e-04 6.01838673e-04
-3.20118048e-01 8.57944290e-04 -2.80292118e-05 -3.12108287e-03 5.64293836e-03 4.11594194e-02 -2.16897826e-01 -1.98329752e-01 -1.85169904e-03 1.39616275e-03
1.70757668e+00 -8.44144008e-03 5.64768748e-04 1.71630320e-02 -2.86567864e-02 -2.16897826e-01 1.15513177e+00 1.05579910e+00 8.82642335e-03 -6.56976463e-03
1.55942127e+00 -7.11136260e-03 5.06427708e-04 1.57246593e-02 -2.63087561e-02 -1.98329752e-01 1.05579910e+00 9.65335456e-01 8.23361741e-03 -6.16107719e-03
3.85198217e-02 8.38512704e-03 6.28134133e-04 -3.81872116e-05 -3.93786694e-04 -1.85169904e-03 8.82642335e-03 8.23361741e-03 5.63485654e-03 -4.70663457e-03
-3.09011102e-02 -7.95007218e-03 -2.90970917e-04 2.27640122e-04 6.01838673e-04 1.39616275e-03 -6.56976463e-03 -6.16107719e-03 -4.70663457e-03 4.87670679e-03
