7.85535509e+00 6.51021102e-01 4.76731551e-03 7.21489578e-02 -4.53877178e-02 -5.29475202e-01 2.81361022e+00 2.56203730e+00 1.57268701e-01 -1.47496072e-01
6.51021102e-01 4.67721014e-01 3.76144600e-03 4.18773917e-03 -1.45688129e-02 -6.86360697e-02 3.36873489e-01 3.07863006e-01 1.34802544e-01 -1.33517109e-01
4.76731551e-03 3.76144600e-03 2.66848124e-04 8.30223354e-05 1.19894055e-04 1.76101926e-04 -6.81240008e-04 -6.55893421e-04 1.41221939e-03 -1.08348243e-03
7.21489578e-02 4.18773917e-03 8.30223354e-05 1.24323875e-03 -2.19597575e-04 -4.76959223e-03 2.55603690e-02 2.33342334e-02 1.13249180e-03 -9.45149422e-04
-4.53877178e-02 -1.45688129e-02 1.19894055e-04 -2.19597575e-04 2.03312539e-03 8.28956212e-03 -4.20524659e-02 -3.85191174e-02 -3.95443777e-03 4.17191615e-03
-5.29475202e-01 -6.86360697e-02 1.76101926e-04 -4.76959223e-03 8.28956212e-03 6.22363814e-02 -3.27498449e-01 -2.98561571e-01 -1.72829028e-02 1.67675340e-02
2.81361022e+00 3.36873489e-01 -6.81240008e-04 2.55603690e-02 -4.20524659e-02 -3.27498449e-01 1.73828755e+00 1.58440463e+00 8.46275228e-02 -8.21705135e-02
2.56203730e+00 3.07863006e-01 -6.55893421e-04 2.33342334e-02 -3.85191174e-02 -2.98561571e-01 1.58440463e+00 1.44449487e+00 7.73497612e-02 -7.51702077e-02
1.57268701e-01 1.34802544e-01 1.41221939e-03 1.13249180e-03 -3.95443777e-03 -1.72829028e-02 8.46275228e-02 7.73497612e-02 4.19267828e-02 -4.12121116e-02
-1.47496072e-01 -1.33517109e-01 -1.08348243e-03 -9.45149422e-04 4.17191615e-03 1.67675340e-02 -8.21705135e-02 -7.51702077e-02 -4.12121116e-02 4.17698850e-02
