3.30706639e+00 -7.87239594e-02 6.15546717e-03 3.09567561e-02 -1.57710469e-02 -2.04739821e-01 1.07826867e+00 9.88396488e-01 3.52180449e-02 -2.46651358e-02
-7.87239594e-02 2.03416383e-02 -1.04497711e-04 -1.01902482e-03 2.59107751e-04 4.64823228e-03 -2.66483409e-02 -2.42489994e-02 3.65981884e-03 -3.85134955e-03
6.15546717e-03 -1.04497711e-04 2.84527856e-04 7.59150188e-05 1.03899370e-04 -1.12343090e-04 1.04190459e-03 9.51771556e-04 4.82233741e-04 -1.53539720e-04
3.09567561e-02 -1.01902482e-03 7.59150188e-05 8.56625187e-04 1.96379315e-04 -1.72498960e-03 9.65469370e-03 8.90704730e-03 1.36449183e-06 1.97851424e-04
-1.57710469e-02 2.59107751e-04 1.03899370e-04 1.96379315e-04 9.75171454e-04 2.86015953e-03 -1.39262221e-02 -1.28216911e-02 -2.54753621e-04 4.46606826e-04
-2.04739821e-01 4.64823228e-03 -1.12343090e-04 -1.72498960e-03 2.86015953e-03 2.20395173e-02 -1.13392280e-01 -1.04068788e-01 -2.01674415e-03 1.34750769e-03
1.07826867e+00 -2.66483409e-02 1.04190459e-03 9.65469370e-03 -1.39262221e-02 -1.13392280e-01 5.94557277e-01 5.45289171e-01 1.00702871e-02 -6.55925618e-03
9.88396488e-01 -2.42489994e-02 9.51771556e-04 8.90704730e-03 -1.28216911e-02 -1.04068788e-01 5.45289171e-01 5.00404061e-01 9.28206003e-03 -6.02002617e-03
3.52180449e-02 3.65981884e-03 4.82233741e-04 1.36449183e-06 -2.54753621e-04 -2.01674415e-03 1.00702871e-02 9.28206003e-03 4.04194561e-03 -3.21195251e-03
-2.46651358e-02 -3.85134955e-03 -1.53539720e-04 1.97851424e-04 4.46606826e-04 1.34750769e-03 -6.55925618e-03 -6.02002617e-03 -3.21195251e-03 3.48658859e-03
