8.71179111e+00 1.05197984e+00 1.88146190e-03 7.38932235e-02 -3.70055908e-02 -5.13843774e-01 2.71402115e+00 2.47146838e+00 1.72255907e-01 -1.55713765e-01
1.05197984e+00 1.00455239e+00 4.69545835e-03 9.43293803e-03 -2.08468108e-02 -1.09096479e-01 5.31600379e-01 4.82805274e-01 2.70765363e-01 -2.70546495e-01
1.88146190e-03 4.69545835e-03 2.50076552e-04 6.06329933e-05 9.34770236e-05 1.56709687e-04 -6.01912762e-04 -5.82063877e-04 1.56811947e-03 -1.25935686e-03
7.38932235e-02 9.43293803e-03 6.06329933e-05 1.16054763e-03 -1.60892307e-04 -4.43453867e-03 2.35154058e-02 2.14451063e-02 1.92215945e-03 -1.74533355e-03
-3.70055908e-02 -2.08468108e-02 9.34770236e-05 -1.60892307e-04 1.87762487e-03 6.99027701e-03 -3.48905249e-02 -3.19653685e-02 -5.44477902e-03 5.62395181e-03
-5.13843774e-01 -1.09096479e-01 1.56709687e-04 -4.43453867e-03 6.99027701e-03 5.42363236e-02 -2.82818264e-01 -2.57656079e-01 -2.33232244e-02 2.25476474e-02
2.71402115e+00 5.31600379e-01 -6.01912762e-04 2.35154058e-02 -3.48905249e-02 -2.82818264e-01 1.49062425e+00 1.35789413e+00 1.11580942e-01 -1.07683286e-01
2.47146838e+00 4.82805274e-01 -5.82063877e-04 2.14451063e-02 -3.19653685e-02 -2.57656079e-01 1.35789413e+00 1.23734475e+00 1.01191368e-01 -9.76864871e-02
1.72255907e-01 2.70765363e-01 1.56811947e-03 1.92215945e-03 -5.44477902e-03 -2.33232244e-02 1.11580942e-01 1.01191368e-01 8.02876919e-02 -8.05616224e-02
-1.55713765e-01 -2.70546495e-01 -1.25935686e-03 -1.74533355e-03 5.62395181e-03 2.25476474e-02 -1.07683286e-01 -9.76864871e-02 -8.05616224e-02 8.22387643e-02
