2.31865017e+00 -1.01060487e-01 4.81465525e-03 2.02798013e-02 -3.87839721e-03 -1.11414761e-01 5.74810734e-01 5.30424809e-01 3.22971496e-02 -2.08661071e-02
-1.01060487e-01 2.25776031e-02 -3.67783066e-04 -9.34229394e-04 1.12734096e-04 4.07009622e-03 -2.24118218e-02 -2.06948856e-02 2.05772409e-03 -2.65977895e-03
4.81465525e-03 -3.67783066e-04 2.91389961e-04 7.22141792e-05 1.08863245e-04 -1.17912669e-04 1.10214810e-03 1.01260581e-03 3.84387847e-04 -7.19408394e-05
2.02798013e-02 -9.34229394e-04 7.22141792e-05 7.15877451e-04 3.23688279e-04 -7.62275385e-04 4.47666394e-03 4.20588439e-03 3.55227714e-05 1.48597546e-04
-3.87839721e-03 1.12734096e-04 1.08863245e-04 3.23688279e-04 6.88514617e-04 1.15826043e-03 -5.12746939e-03 -4.72143528e-03 -1.26801157e-04 3.40479855e-04
-1.11414761e-01 4.07009622e-03 -1.17912669e-04 -7.62275385e-04 1.15826043e-03 9.72272670e-03 -4.74288916e-02 -4.38298372e-02 -1.90629747e-03 1.29059458e-03
5.74810734e-01 -2.24118218e-02 1.10214810e-03 4.47666394e-03 -5.12746939e-03 -4.74288916e-02 2.41569566e-01 2.22924726e-01 9.63944253e-03 -6.29566674e-03
5.30424809e-01 -2.06948856e-02 1.01260581e-03 4.20588439e-03 -4.72143528e-03 -4.38298372e-02 2.22924726e-01 2.05994390e-01 8.84862215e-03 -5.70240039e-03
3.22971496e-02 2.05772409e-03 3.84387847e-04 3.55227714e-05 -1.26801157e-04 -1.90629747e-03 9.63944253e-03 8.84862215e-03 3.39625061e-03 -2.61591638e-03
-2.08661071e-02 -2.65977895e-03 -7.19408394e-05 1.48597546e-04 3.40479855e-04 1.29059458e-03 -6.29566674e-03 -5.70240039e-03 -2.61591638e-03 2.96240916e-03
