2.11935298e+00 9.11293156e-01 -5.10767705e-03 2.01632837e-02 -8.13713631e-03 -8.50273296e-02 4.64668719e-01 4.15075986e-01 -2.44510017e-01 2.62124437e-01
9.11293156e-01 4.57059831e+00 2.85440769e-03 5.08725254e-02 -3.50093586e-02 -1.79940623e-01 9.20889961e-01 8.22176452e-01 5.83761037e-01 -5.92577968e-01
-5.10767705e-03 2.85440769e-03 3.30638494e-04 8.29039580e-05 -8.11321895e-05 2.75295397e-05 2.90252411e-04 3.85496578e-04 -1.13811662e-03 1.35991777e-03
2.01632837e-02 5.08725254e-02 8.29039580e-05 1.11301250e-03 -3.74252627e-04 -2.39107765e-03 1.24613333e-02 1.13071720e-02 2.64440382e-03 -2.82309827e-03
-8.13713631e-03 -3.50093586e-02 -8.11321895e-05 -3.74252627e-04 1.37717779e-03 2.30412596e-03 -1.16108672e-02 -1.08384292e-02 -3.11870532e-03 3.19903551e-03
-8.50273296e-02 -1.79940623e-01 2.75295397e-05 -2.39107765e-03 2.30412596e-03 1.33641690e-02 -6.83353571e-02 -6.13383138e-02 -9.67285137e-03 9.82392754e-03
4.64668719e-01 9.20889961e-01 2.90252411e-04 1.24613333e-02 -1.16108672e-02 -6.83353571e-02 3.62737129e-01 3.25994104e-01 4.08597675e-02 -4.13051662e-02
4.15075986e-01 8.22176452e-01 3.85496578e-04 1.13071720e-02 -1.08384292e-02 -6.13383138e-02 3.25994104e-01 2.93588718e-01 3.32320151e-02 -3.35657731e-02
-2.44510017e-01 5.83761037e-01 -1.13811662e-03 2.64440382e-03 -3.11870532e-03 -9.67285137e-03 4.08597675e-02 3.32320151e-02 2.55818383e-01 -2.66292973e-01
2.62124437e-01 -5.92577968e-01 1.35991777e-03 -2.82309827e-03 3.19903551e-03 9.82392754e-03 -4.13051662e-02 -3.35657731e-02 -2.66292973e-01 2.78419361e-01
