5.47013730e+00 1.40278166e-01 7.98286208e-03 5.71225709e-02 -4.43337189e-02 -4.29193531e-01 2.29777439e+00 2.09453115e+00 6.25505911e-02 -5.71756970e-02
1.40278166e-01 6.02708381e-02 1.38027234e-03 -2.26701577e-04 -3.26411805e-03 -1.15906243e-02 5.39939921e-02 5.05011727e-02 2.19477227e-02 -2.08372481e-02
7.98286208e-03 1.38027234e-03 2.92729382e-04 1.02504120e-04 1.25895648e-04 8.43528775e-05 -7.70387285e-05 -8.99377866e-05 8.65511137e-04 -5.22319557e-04
5.71225709e-02 -2.26701577e-04 1.02504120e-04 1.24565050e-03 -1.85533177e-04 -4.33331125e-03 2.36130861e-02 2.15832454e-02 8.77803331e-05 9.08738622e-05
-4.43337189e-02 -3.26411805e-03 1.25895648e-04 -1.85533177e-04 1.90993970e-03 8.10507052e-03 -4.16757005e-02 -3.82009711e-02 -1.01022207e-03 1.25089369e-03
-4.29193531e-01 -1.15906243e-02 8.43528775e-05 -4.33331125e-03 8.10507052e-03 5.82816532e-02 -3.09251515e-01 -2.82301060e-01 -4.10797732e-03 3.87333439e-03
2.29777439e+00 5.39939921e-02 -7.70387285e-05 2.36130861e-02 -4.16757005e-02 -3.09251515e-01 1.65420431e+00 1.50957645e+00 1.98847968e-02 -1.89095182e-02
2.09453115e+00 5.05011727e-02 -8.99377866e-05 2.15832454e-02 -3.82009711e-02 -2.82301060e-01 1.50957645e+00 1.37794117e+00 1.84625966e-02 -1.75980576e-02
6.25505911e-02 2.19477227e-02 8.65511137e-04 8.77803331e-05 -1.01022207e-03 -4.10797732e-03 1.98847968e-02 1.84625966e-02 9.98396477e-03 -8.91645705e-03
-5.71756970e-02 -2.08372481e-02 -5.22319557e-04 9.08738622e-05 1.25089369e-03 3.87333439e-03 -1.89095182e-02 -1.75980576e-02 -8.91645705e-03 8.98496849e-03
