9.27968483e+00 1.56792897e+00 -1.26527895e-03 7.43709569e-02 -2.78168249e-02 -4.73698347e-01 2.48983429e+00 2.26716022e+00 1.19028286e-01 -9.33162819e-02
1.56792897e+00 2.01695255e+00 5.25995465e-03 1.86922628e-02 -2.71150310e-02 -1.56564360e-01 7.53365361e-01 6.79796288e-01 5.01265695e-01 -5.03386352e-01
-1.26527895e-03 5.25995465e-03 2.52060003e-04 4.11500458e-05 5.45924463e-05 1.24567364e-04 -4.10490889e-04 -3.94173454e-04 1.55365988e-03 -1.26449952e-03
7.43709569e-02 1.86922628e-02 4.11500458e-05 1.13132186e-03 -1.20013047e-04 -4.16151838e-03 2.17549513e-02 1.97967029e-02 3.00269545e-03 -2.86832324e-03
-2.78168249e-02 -2.71150310e-02 5.45924463e-05 -1.20013047e-04 1.77425618e-03 5.70924451e-03 -2.79671069e-02 -2.56466135e-02 -6.71455572e-03 6.85441852e-03
-4.73698347e-01 -1.56564360e-01 1.24567364e-04 -4.16151838e-03 5.70924451e-03 4.54319804e-02 -2.34428546e-01 -2.13305814e-01 -2.69386776e-02 2.59987659e-02
2.48983429e+00 7.53365361e-01 -4.10490889e-04 2.17549513e-02 -2.79671069e-02 -2.34428546e-01 1.22717518e+00 1.11674102e+00 1.23766272e-01 -1.18902493e-01
2.26716022e+00 6.79796288e-01 -3.94173454e-04 1.97967029e-02 -2.56466135e-02 -2.13305814e-01 1.11674102e+00 1.01666314e+00 1.10734614e-01 -1.06316973e-01
1.19028286e-01 5.01265695e-01 1.55365988e-03 3.00269545e-03 -6.71455572e-03 -2.69386776e-02 1.23766272e-01 1.10734614e-01 1.47375785e-01 -1.49846206e-01
-9.33162819e-02 -5.03386352e-01 -1.26449952e-03 -2.86832324e-03 6.85441852e-03 2.59987659e-02 -1.18902493e-01 -1.06316973e-01 -1.49846206e-01 1.53963208e-01
