6.71218680e+00 3.53873432e-01 7.04209683e-03 6.68530210e-02 -4.91127353e-02 -5.03532193e-01 2.68986025e+00 2.44992913e+00 1.10065419e-01 -1.04225740e-01
3.53873432e-01 1.82098025e-01 2.57963187e-03 1.21745840e-03 -8.30309721e-03 -3.52139015e-02 1.72343080e-01 1.58728496e-01 5.75327007e-02 -5.60154456e-02
7.04209683e-03 2.57963187e-03 2.85440367e-04 9.94204689e-05 1.30260792e-04 1.56822592e-04 -5.25928506e-04 -5.08546721e-04 1.15742407e-03 -8.16272384e-04
6.68530210e-02 1.21745840e-03 9.94204689e-05 1.29795679e-03 -2.49327654e-04 -4.85723793e-03 2.62612810e-02 2.39851840e-02 4.95455190e-04 -3.14925396e-04
-4.91127353e-02 -8.30309721e-03 1.30260792e-04 -2.49327654e-04 2.09935096e-03 8.96230860e-03 -4.59734159e-02 -4.21158608e-02 -2.32955169e-03 2.57341871e-03
-5.03532193e-01 -3.52139015e-02 1.56822592e-04 -4.85723793e-03 8.96230860e-03 6.52978971e-02 -3.45873027e-01 -3.15482137e-01 -9.99249109e-03 9.72155113e-03
2.68986025e+00 1.72343080e-01 -5.25928506e-04 2.62612810e-02 -4.59734159e-02 -3.45873027e-01 1.84621666e+00 1.68357396e+00 4.93086971e-02 -4.81781210e-02
2.44992913e+00 1.58728496e-01 -5.08546721e-04 2.39851840e-02 -4.21158608e-02 -3.15482137e-01 1.68357396e+00 1.53561228e+00 4.53721551e-02 -4.43930844e-02
1.10065419e-01 5.75327007e-02 1.15742407e-03 4.95455190e-04 -2.32955169e-03 -9.99249109e-03 4.93086971e-02 4.53721551e-02 2.02945955e-02 -1.92235138e-02
-1.04225740e-01 -5.60154456e-02 -8.16272384e-04 -3.14925396e-04 2.57341871e-03 9.72155113e-03 -4.81781210e-02 -4.43930844e-02 -1.92235138e-02 1.93445351e-02
