9.11907473e-01 -1.66956544e-01 -1.47583445e-02 1.29416841e-02 -3.84516950e-03 -4.90257304e-02 3.95744414e-01 3.81776505e-01 6.22589721e-02 -3.77267601e-02
-1.66956544e-01 1.13740145e-01 -3.54885065e-03 -2.08637811e-03 2.29973916e-03 1.04021070e-02 -8.33222501e-02 -8.04256217e-02 2.44035407e-02 -1.86764271e-02
-1.47583445e-02 -3.54885065e-03 5.12567290e-03 -2.95959514e-04 4.48542103e-04 1.46810712e-03 -9.67352158e-03 -9.48249251e-03 -1.19729433e-02 8.38613058e-03
1.29416841e-02 -2.08637811e-03 -2.95959514e-04 9.90070245e-04 -1.72526974e-04 -1.19208319e-03 7.63613438e-03 7.35643892e-03 1.07899306e-03 -1.21527298e-04
-3.84516950e-03 2.29973916e-03 4.48542103e-04 -1.72526974e-04 7.82113362e-04 8.27343997e-04 -6.61691518e-03 -6.26597080e-03 -1.93426689e-03 1.18960594e-03
-4.90257304e-02 1.04021070e-02 1.46810712e-03 -1.19208319e-03 8.27343997e-04 5.71899938e-03 -4.12571155e-02 -3.92813958e-02 -5.70215073e-03 3.48145155e-03
3.95744414e-01 -8.33222501e-02 -9.67352158e-03 7.63613438e-03 -6.61691518e-03 -4.12571155e-02 3.43735680e-01 3.27261577e-01 4.54140432e-02 -2.87861757e-02
3.81776505e-01 -8.04256217e-02 -9.48249251e-03 7.35643892e-03 -6.26597080e-03 -3.92813958e-02 3.27261577e-01 3.13552946e-01 4.72840269e-02 -2.98371442e-02
6.22589721e-02 2.44035407e-02 -1.19729433e-02 1.07899306e-03 -1.93426689e-03 -5.70215073e-03 4.54140432e-02 4.72840269e-02 7.51759163e-02 -5.21982141e-02
-3.77267601e-02 -1.86764271e-02 8.38613058e-03 -1.21527298e-04 1.18960594e-03 3.48145155e-03 -2.87861757e-02 -2.98371442e-02 -5.21982141e-02 3.74811011e-02
