4.39087573e+00 -4.95632267e+00 -2.75220479e-01 -3.04097737e-02 8.09196095e-04 -1.26546831e-02 6.21577884e-02 6.46127824e-02 4.97521813e-01 -3.48506796e-01
-4.95632267e+00 7.03936772e+00 2.18713387e-01 2.64624952e-02 -7.57787000e-03 5.58005540e-03 2.71823893e-02 1.63984496e-02 -2.14493859e-01 1.37695553e-01
-2.75220479e-01 2.18713387e-01 6.48888038e-02 3.48188200e-03 7.14329262e-04 2.64572523e-03 -1.41080547e-03 4.50976037e-04 -1.34810089e-01 9.46757694e-02
-3.04097737e-02 2.64624952e-02 3.48188200e-03 2.84374036e-03 1.68644811e-04 5.81832993e-04 1.52523670e-04 -9.19634021e-05 -1.06338709e-02 8.46407694e-03
8.09196095e-04 -7.57787000e-03 7.14329262e-04 1.68644811e-04 1.64971418e-03 1.39526281e-04 -1.66965482e-03 -1.70692631e-03 1.46060205e-05 -7.62682578e-04
-1.26546831e-02 5.58005540e-03 2.64572523e-03 5.81832993e-04 1.39526281e-04 2.42692322e-03 -3.43257694e-03 -2.68192074e-03 -6.83669999e-04 6.37666165e-04
6.21577884e-02 2.71823893e-02 -1.41080547e-03 1.52523670e-04 -1.66965482e-03 -3.43257694e-03 3.29348432e-02 3.02123195e-02 -2.72009237e-02 2.00119028e-02
6.46127824e-02 1.63984496e-02 4.50976037e-04 -9.19634021e-05 -1.70692631e-03 -2.68192074e-03 3.02123195e-02 3.16667369e-02 -2.22445648e-02 1.66431164e-02
4.97521813e-01 -2.14493859e-01 -1.34810089e-01 -1.06338709e-02 1.46060205e-05 -6.83669999e-04 -2.72009237e-02 -2.22445648e-02 7.88216455e-01 -5.74542615e-01
-3.48506796e-01 1.37695553e-01 9.46757694e-02 8.46407694e-03 -7.62682578e-04 6.37666165e-04 2.00119028e-02 1.66431164e-02 -5.74542615e-01 4.21867225e-01
