3.61007933e+00 -5.89435362e-01 8.20269736e-04 1.40067488e-02 -2.34700505e-02 -8.84333470e-02 7.98113902e-01 7.76997744e-01 -4.83617454e-01 3.84419505e-01
-5.89435362e-01 3.50962419e+00 6.40084623e-02 5.62976330e-03 2.82897715e-02 -2.73107220e-03 3.11228704e-01 2.58689433e-01 4.08617592e-01 -3.00253733e-01
8.20269736e-04 6.40084623e-02 6.18422155e-03 -2.43310434e-04 7.15130206e-04 -3.55162654e-04 9.72746973e-03 8.48756048e-03 -1.09026175e-02 8.34026288e-03
1.40067488e-02 5.62976330e-03 -2.43310434e-04 3.14580244e-03 -5.54813410e-04 -1.93143483e-03 9.45064766e-03 9.44677932e-03 -3.61682275e-03 5.31085012e-03
-2.34700505e-02 2.82897715e-02 7.15130206e-04 -5.54813410e-04 2.18865970e-03 1.50326124e-03 -7.63704022e-03 -7.02916831e-03 4.73369639e-04 -1.18260272e-03
-8.84333470e-02 -2.73107220e-03 -3.55162654e-04 -1.93143483e-03 1.50326124e-03 6.39911723e-03 -3.87544332e-02 -3.76397002e-02 1.08998776e-02 -1.03053429e-02
7.98113902e-01 3.11228704e-01 9.72746973e-03 9.45064766e-03 -7.63704022e-03 -3.87544332e-02 4.06861148e-01 3.81676189e-01 -6.55885969e-02 5.97426738e-02
7.76997744e-01 2.58689433e-01 8.48756048e-03 9.44677932e-03 -7.02916831e-03 -3.76397002e-02 3.81676189e-01 3.63724656e-01 -7.06127662e-02 6.40493710e-02
-4.83617454e-01 4.08617592e-01 -1.09026175e-02 -3.61682275e-03 4.73369639e-04 1.08998776e-02 -6.55885969e-02 -7.06127662e-02 2.38519770e-01 -1.82261392e-01
3.84419505e-01 -3.00253733e-01 8.34026288e-03 5.31085012e-03 -1.18260272e-03 -1.03053429e-02 5.97426738e-02 6.40493710e-02 -1.82261392e-01 1.43869489e-01
