1.18178850e+00 -9.25198132e-01 -3.58044038e-02 1.57533120e-02 -4.22055817e-03 -5.00243370e-02 3.33540632e-01 3.32420277e-01 -6.90394976e-02 6.60101810e-02
-9.25198132e-01 1.06048612e+00 3.91111193e-02 -1.69636264e-02 1.18138918e-02 6.21907436e-02 -4.07741391e-01 -4.03043365e-01 2.60251245e-02 -3.22900147e-02
-3.58044038e-02 3.91111193e-02 7.78572973e-03 -4.88572163e-04 8.69915454e-04 2.83895582e-03 -1.62536392e-02 -1.56402551e-02 -1.30790451e-02 8.89766197e-03
1.57533120e-02 -1.69636264e-02 -4.88572163e-04 1.58148329e-03 -3.17320332e-04 -1.95796183e-03 1.02746542e-02 1.01206399e-02 -1.15883510e-03 1.93665844e-03
-4.22055817e-03 1.18138918e-02 8.69915454e-04 -3.17320332e-04 1.25425409e-03 1.25373565e-03 -7.71073873e-03 -7.34964082e-03 -3.79524100e-03 2.33933242e-03
-5.00243370e-02 6.21907436e-02 2.83895582e-03 -1.95796183e-03 1.25373565e-03 7.53607101e-03 -4.48091105e-02 -4.31449014e-02 4.70627766e-05 -1.07344339e-03
3.33540632e-01 -4.07741391e-01 -1.62536392e-02 1.02746542e-02 -7.71073873e-03 -4.48091105e-02 3.21555433e-01 3.07800012e-01 1.82154662e-03 2.04672633e-03
3.32420277e-01 -4.03043365e-01 -1.56402551e-02 1.01206399e-02 -7.34964082e-03 -4.31449014e-02 3.07800012e-01 2.98043320e-01 1.75816940e-03 2.84963963e-03
-6.90394976e-02 2.60251245e-02 -1.30790451e-02 -1.15883510e-03 -3.79524100e-03 4.70627766e-05 1.82154662e-03 1.75816940e-03 1.01767001e-01 -7.42087799e-02
6.60101810e-02 -3.22900147e-02 8.89766197e-03 1.93665844e-03 2.33933242e-03 -1.07344339e-03 2.04672633e-03 2.84963963e-03 -7.42087799e-02 5.61726918e-02
