7.51796634e-01 -7.73261025e-01 -1.59962181e-02 -3.90490970e-03 -3.03844087e-03 -2.27956867e-03 -2.45467907e-03 -4.46996062e-03 -2.74099943e-01 2.05827935e-01
-7.73261025e-01 3.30790443e+00 1.12450365e-01 2.10265107e-02 -3.56677916e-03 -3.24457106e-02 3.87917516e-01 3.76596811e-01 8.58886857e-02 -6.04000162e-02
-1.59962181e-02 1.12450365e-01 1.53406932e-02 1.33447086e-03 7.58591093e-05 -7.52662039e-04 2.21787773e-02 2.19632916e-02 -3.36263489e-02 2.42883783e-02
-3.90490970e-03 2.10265107e-02 1.33447086e-03 1.28685503e-03 1.22688348e-04 -1.89408560e-04 3.58903343e-03 3.56292855e-03 -1.48223335e-03 1.46324445e-03
-3.03844087e-03 -3.56677916e-03 7.58591093e-05 1.22688348e-04 6.27008133e-04 3.71484921e-04 -2.59191179e-03 -2.07351987e-03 5.11392906e-04 -7.81493977e-04
-2.27956867e-03 -3.24457106e-02 -7.52662039e-04 -1.89408560e-04 3.71484921e-04 1.75985252e-03 -1.06289316e-02 -9.64612188e-03 4.09290670e-03 -3.26552286e-03
-2.45467907e-03 3.87917516e-01 2.21787773e-02 3.58903343e-03 -2.59191179e-03 -1.06289316e-02 1.18165775e-01 1.09765617e-01 -6.14954773e-02 4.60562566e-02
-4.46996062e-03 3.76596811e-01 2.19632916e-02 3.56292855e-03 -2.07351987e-03 -9.64612188e-03 1.09765617e-01 1.03452804e-01 -5.89685392e-02 4.41821367e-02
-2.74099943e-01 8.58886857e-02 -3.36263489e-02 -1.48223335e-03 5.11392906e-04 4.09290670e-03 -6.14954773e-02 -5.89685392e-02 3.12667151e-01 -2.30721586e-01
2.05827935e-01 -6.04000162e-02 2.42883783e-02 1.46324445e-03 -7.81493977e-04 -3.26552286e-03 4.60562566e-02 4.41821367e-02 -2.30721586e-01 1.71679184e-01
