1.72775548e+00 -2.46887142e+00 -1.18214152e-01 -1.62196741e-02 2.86024933e-04 2.89895539e-03 -8.21692017e-02 -7.99953740e-02 -3.70062408e-02 3.30689950e-02
-2.46887142e+00 4.99547269e+00 1.86079038e-01 2.69911458e-02 -8.67215482e-03 -1.92213417e-02 2.78047866e-01 2.65848081e-01 -1.10500562e-01 7.59538382e-02
-1.18214152e-01 1.86079038e-01 3.47024532e-02 2.32148671e-03 2.31970069e-04 5.55948451e-04 1.69099387e-02 1.75826746e-02 -6.92053101e-02 4.90648838e-02
-1.62196741e-02 2.69911458e-02 2.32148671e-03 1.87818079e-03 1.68142524e-04 1.55639641e-04 2.22874998e-03 2.15352953e-03 -4.38625427e-03 3.68852706e-03
2.86024933e-04 -8.67215482e-03 2.31970069e-04 1.68142524e-04 9.50573139e-04 2.64437207e-04 -1.80270119e-03 -1.46000789e-03 1.11140707e-04 -6.30789482e-04
2.89895539e-03 -1.92213417e-02 5.55948451e-04 1.55639641e-04 2.64437207e-04 1.64358486e-03 -4.15399795e-03 -3.37677655e-03 3.04657896e-03 -2.34055479e-03
-8.21692017e-02 2.78047866e-01 1.69099387e-02 2.22874998e-03 -1.80270119e-03 -4.15399795e-03 4.86162448e-02 4.34886686e-02 -6.68906501e-02 4.85804260e-02
-7.99953740e-02 2.65848081e-01 1.75826746e-02 2.15352953e-03 -1.46000789e-03 -3.37677655e-03 4.34886686e-02 4.11759844e-02 -6.39082237e-02 4.64555008e-02
-3.70062408e-02 -1.10500562e-01 -6.92053101e-02 -4.38625427e-03 1.11140707e-04 3.04657896e-03 -6.68906501e-02 -6.39082237e-02 4.75775402e-01 -3.49925961e-01
3.30689950e-02 7.59538382e-02 4.90648838e-02 3.68852706e-03 -6.30789482e-04 -2.34055479e-03 4.85804260e-02 4.64555008e-02 -3.49925961e-01 2.59303957e-01
