5.59702364e+00 1.01686587e+00 -7.84586214e-03 2.62753607e-02 -2.37608773e-02 -1.35686995e-01 1.25187291e+00 1.18498379e+00 -1.59959213e-01 1.40344353e-01
1.01686587e+00 3.27771953e+00 -9.96286400e-02 1.41133484e-02 1.55265724e-02 -6.63957505e-02 6.22142083e-01 5.74596244e-01 9.31150633e-01 -6.70539153e-01
-7.84586214e-03 -9.96286400e-02 1.33941655e-02 -1.35800770e-03 -7.47732900e-04 1.08053302e-03 -1.26902753e-02 -1.11611770e-02 -4.61366528e-02 3.31388310e-02
2.62753607e-02 1.41133484e-02 -1.35800770e-03 3.28489042e-03 -8.49449099e-04 -2.19221702e-03 1.29947243e-02 1.23175907e-02 -3.43371326e-04 2.49152717e-03
-2.37608773e-02 1.55265724e-02 -7.47732900e-04 -8.49449099e-04 2.45629957e-03 1.48616462e-03 -1.24609673e-02 -1.05391589e-02 6.78554614e-03 -5.94571436e-03
-1.35686995e-01 -6.63957505e-02 1.08053302e-03 -2.19221702e-03 1.48616462e-03 9.14685989e-03 -5.95932984e-02 -5.62522203e-02 -6.45421415e-03 3.29809256e-03
1.25187291e+00 6.22142083e-01 -1.26902753e-02 1.29947243e-02 -1.24609673e-02 -5.95932984e-02 5.89011100e-01 5.50858270e-01 8.31987749e-02 -4.82648894e-02
1.18498379e+00 5.74596244e-01 -1.11611770e-02 1.23175907e-02 -1.05391589e-02 -5.62522203e-02 5.50858270e-01 5.19623021e-01 6.83903329e-02 -3.77117437e-02
-1.59959213e-01 9.31150633e-01 -4.61366528e-02 -3.43371326e-04 6.78554614e-03 -6.45421415e-03 8.31987749e-02 6.83903329e-02 4.69526669e-01 -3.45198636e-01
1.40344353e-01 -6.70539153e-01 3.31388310e-02 2.49152717e-03 -5.94571436e-03 3.29809256e-03 -4.82648894e-02 -3.77117437e-02 -3.45198636e-01 2.59065719e-01
