8.21181283e-01 5.31721445e-02 2.20620330e-02 4.27325924e-03 -4.48317754e-03 -1.98699917e-02 1.87100067e-01 1.78736883e-01 -2.39362825e-01 1.81152347e-01
5.31721445e-02 1.67735008e+00 3.03763782e-02 1.12434713e-02 1.65163324e-03 -2.96181064e-02 3.20678201e-01 3.13804391e-01 2.12104940e-01 -1.50091379e-01
2.20620330e-02 3.03763782e-02 5.00492017e-03 4.73854501e-04 7.70117052e-05 -8.56957711e-04 1.44210823e-02 1.39305851e-02 -1.57611634e-02 1.16309349e-02
4.27325924e-03 1.12434713e-02 4.73854501e-04 9.21326532e-04 3.50252521e-05 -4.06492775e-04 3.92097383e-03 3.86267769e-03 -1.21591844e-04 4.66504431e-04
-4.48317754e-03 1.65163324e-03 7.70117052e-05 3.50252521e-05 5.28803606e-04 4.32820463e-04 -3.36572799e-03 -2.87036880e-03 7.15247527e-04 -7.96318073e-04
-1.98699917e-02 -2.96181064e-02 -8.56957711e-04 -4.06492775e-04 4.32820463e-04 2.41277713e-03 -1.92457936e-02 -1.80380384e-02 1.81548171e-03 -1.67655978e-03
1.87100067e-01 3.20678201e-01 1.44210823e-02 3.92097383e-03 -3.36572799e-03 -1.92457936e-02 1.98450120e-01 1.87408144e-01 -2.26683510e-02 1.93547616e-02
1.78736883e-01 3.13804391e-01 1.39305851e-02 3.86267769e-03 -2.87036880e-03 -1.80380384e-02 1.87408144e-01 1.78128875e-01 -2.03498048e-02 1.76538269e-02
-2.39362825e-01 2.12104940e-01 -1.57611634e-02 -1.21591844e-04 7.15247527e-04 1.81548171e-03 -2.26683510e-02 -2.03498048e-02 1.95429861e-01 -1.42977410e-01
1.81152347e-01 -1.50091379e-01 1.16309349e-02 4.66504431e-04 -7.96318073e-04 -1.67655978e-03 1.93547616e-02 1.76538269e-02 -1.42977410e-01 1.05821441e-01
