9.19168011e-01 1.13479557e-01 9.30670860e-03 8.63071129e-03 -3.97518594e-03 -3.66302577e-02 3.30115828e-01 3.17006944e-01 -4.60047410e-02 3.95210489e-02
1.13479557e-01 4.32677100e-01 -1.02334899e-02 4.21794604e-03 1.85076801e-03 -1.49572573e-02 1.39863539e-01 1.38190305e-01 1.46645079e-01 -1.02758283e-01
9.30670860e-03 -1.02334899e-02 2.57408117e-03 -3.92521700e-05 1.45157976e-04 1.82792243e-05 1.65877971e-03 1.39530012e-03 -9.09268021e-03 6.64486068e-03
8.63071129e-03 4.21794604e-03 -3.92521700e-05 7.97107185e-04 -8.05961056e-05 -6.97405846e-04 5.12452062e-03 4.95103888e-03 8.46377789e-04 -1.39150115e-04
-3.97518594e-03 1.85076801e-03 1.45157976e-04 -8.05961056e-05 5.67530409e-04 5.55299736e-04 -4.73797304e-03 -4.32832208e-03 4.36068154e-05 -2.03501645e-04
-3.66302577e-02 -1.49572573e-02 1.82792243e-05 -6.97405846e-04 5.55299736e-04 3.80151044e-03 -3.03271955e-02 -2.87326623e-02 -2.69871406e-03 1.50628636e-03
3.30115828e-01 1.39863539e-01 1.65877971e-03 5.12452062e-03 -4.73797304e-03 -3.03271955e-02 2.81690779e-01 2.67624540e-01 2.40309316e-02 -1.35178520e-02
3.17006944e-01 1.38190305e-01 1.39530012e-03 4.95103888e-03 -4.32832208e-03 -2.87326623e-02 2.67624540e-01 2.55541795e-01 2.62298579e-02 -1.50146633e-02
-4.60047410e-02 1.46645079e-01 -9.09268021e-03 8.46377789e-04 4.36068154e-05 -2.69871406e-03 2.40309316e-02 2.62298579e-02 9.96140713e-02 -7.07529527e-02
3.95210489e-02 -1.02758283e-01 6.64486068e-03 -1.39150115e-04 -2.03501645e-04 1.50628636e-03 -1.35178520e-02 -1.50146633e-02 -7.07529527e-02 5.13517498e-02
