1.46400214e+00 -1.10173212e+00 -3.10685276e-02 1.10386081e-02 -5.78725256e-03 -3.69912072e-02 2.37452757e-01 2.45480224e-01 -2.00555676e-01 1.65351636e-01
-1.10173212e+00 1.80351336e+00 5.30213733e-02 -1.87260867e-02 1.82573445e-02 6.74187352e-02 -3.83114707e-01 -3.86727061e-01 1.26311232e-01 -1.07567445e-01
-3.10685276e-02 5.30213733e-02 7.01055901e-03 -3.78544381e-04 8.64901569e-04 2.30662608e-03 -1.15005410e-02 -1.12197420e-02 -1.07758497e-02 7.43739251e-03
1.10386081e-02 -1.87260867e-02 -3.78544381e-04 1.81171117e-03 -2.99793993e-04 -1.61366056e-03 6.21984701e-03 6.43657464e-03 -2.95583960e-03 3.50658476e-03
-5.78725256e-03 1.82573445e-02 8.64901569e-04 -2.99793993e-04 1.37775213e-03 1.05564131e-03 -4.81417577e-03 -4.55969282e-03 -2.99790770e-03 1.67991795e-03
-3.69912072e-02 6.74187352e-02 2.30662608e-03 -1.61366056e-03 1.05564131e-03 5.58857561e-03 -2.63925162e-02 -2.60466372e-02 5.34720006e-03 -4.99760701e-03
2.37452757e-01 -3.83114707e-01 -1.15005410e-02 6.21984701e-03 -4.81417577e-03 -2.63925162e-02 1.76117697e-01 1.70756511e-01 -3.18638650e-02 2.55874061e-02
2.45480224e-01 -3.86727061e-01 -1.12197420e-02 6.43657464e-03 -4.55969282e-03 -2.60466372e-02 1.70756511e-01 1.69481697e-01 -3.34406843e-02 2.77152608e-02
-2.00555676e-01 1.26311232e-01 -1.07758497e-02 -2.95583960e-03 -2.99790770e-03 5.34720006e-03 -3.18638650e-02 -3.34406843e-02 1.27822660e-01 -9.57850428e-02
1.65351636e-01 -1.07567445e-01 7.43739251e-03 3.50658476e-03 1.67991795e-03 -4.99760701e-03 2.55874061e-02 2.77152608e-02 -9.57850428e-02 7.43041827e-02
