1.01556519e+00 -5.66327298e-01 -3.10246607e-02 1.63598821e-02 -4.12386871e-03 -5.52277506e-02 4.01567740e-01 3.91697565e-01 3.60911224e-02 -1.45731079e-02
-5.66327298e-01 4.55901907e-01 1.92561915e-02 -9.96950440e-03 6.52621122e-03 3.94987219e-02 -2.82672950e-01 -2.77281708e-01 -1.82435901e-02 5.55059789e-03
-3.10246607e-02 1.92561915e-02 7.54326773e-03 -4.59628666e-04 7.78427874e-04 2.57057977e-03 -1.58886849e-02 -1.53495976e-02 -1.48182334e-02 1.01900863e-02
1.63598821e-02 -9.96950440e-03 -4.59628666e-04 1.31357207e-03 -2.63040515e-04 -1.74645143e-03 1.02961636e-02 9.98927583e-03 3.74168012e-04 6.19476254e-04
-4.12386871e-03 6.52621122e-03 7.78427874e-04 -2.63040515e-04 1.07010881e-03 1.15160682e-03 -8.15840874e-03 -7.80308492e-03 -3.63346177e-03 2.30772050e-03
-5.52277506e-02 3.94987219e-02 2.57057977e-03 -1.74645143e-03 1.15160682e-03 7.38759125e-03 -4.87210390e-02 -4.65803839e-02 -4.65908765e-03 2.47010062e-03
4.01567740e-01 -2.82672950e-01 -1.58886849e-02 1.02961636e-02 -8.15840874e-03 -4.87210390e-02 3.73967630e-01 3.56612178e-01 3.48936804e-02 -2.11411195e-02
3.91697565e-01 -2.77281708e-01 -1.53495976e-02 9.98927583e-03 -7.80308492e-03 -4.65803839e-02 3.56612178e-01 3.42850249e-01 3.59427405e-02 -2.13731945e-02
3.60911224e-02 -1.82435901e-02 -1.48182334e-02 3.74168012e-04 -3.63346177e-03 -4.65908765e-03 3.48936804e-02 3.59427405e-02 8.74267563e-02 -6.19237698e-02
-1.45731079e-02 5.55059789e-03 1.01900863e-02 6.19476254e-04 2.30772050e-03 2.47010062e-03 -2.11411195e-02 -2.13731945e-02 -6.19237698e-02 4.55077695e-02
