6.09184865e+00 1.63729001e-01 1.88000383e-02 2.75603673e-02 -3.41447047e-02 -1.75271594e-01 1.61536193e+00 1.54810893e+00 -6.66226075e-01 5.23942845e-01
1.63729001e-01 4.55255062e+00 4.97937605e-02 2.02456980e-02 3.62245193e-02 -5.50705796e-02 7.85121906e-01 7.02525963e-01 5.74736404e-01 -4.14630366e-01
1.88000383e-02 4.97937605e-02 6.71086833e-03 -6.35015717e-04 6.52191864e-04 -1.18380951e-03 1.52670907e-02 1.38542656e-02 -1.58410958e-02 1.20994084e-02
2.75603673e-02 2.02456980e-02 -6.35015717e-04 4.33805607e-03 -9.58587587e-04 -3.43106232e-03 2.20289121e-02 2.12082449e-02 -3.07507767e-03 5.76722933e-03
-3.41447047e-02 3.62245193e-02 6.52191864e-04 -9.58587587e-04 3.04606464e-03 2.50619541e-03 -1.58312973e-02 -1.45374281e-02 2.90135129e-03 -3.18702531e-03
-1.75271594e-01 -5.50705796e-02 -1.18380951e-03 -3.43106232e-03 2.50619541e-03 1.26508411e-02 -9.32234988e-02 -8.85820456e-02 1.34707783e-02 -1.31339424e-02
1.61536193e+00 7.85121906e-01 1.52670907e-02 2.20289121e-02 -1.58312973e-02 -9.32234988e-02 9.36846650e-01 8.75730999e-01 -8.78158157e-02 8.39443319e-02
1.54810893e+00 7.02525963e-01 1.38542656e-02 2.12082449e-02 -1.45374281e-02 -8.85820456e-02 8.75730999e-01 8.25372803e-01 -9.38604358e-02 8.85442196e-02
-6.66226075e-01 5.74736404e-01 -1.58410958e-02 -3.07507767e-03 2.90135129e-03 1.34707783e-02 -8.78158157e-02 -9.38604358e-02 3.39736045e-01 -2.58727325e-01
5.23942845e-01 -4.14630366e-01 1.20994084e-02 5.76722933e-03 -3.18702531e-03 -1.31339424e-02 8.39443319e-02 8.85442196e-02 -2.58727325e-01 2.03091231e-01
