1.37859180e+01 1.45293338e+00 3.02968313e-03 1.31122199e-01 -1.01901340e-01 -7.56929157e-01 5.30250615e+00 5.00336258e+00 3.80713531e-01 -2.84275508e-01
1.45293338e+00 1.99362110e+00 5.37348022e-02 3.13069931e-02 -3.80551603e-02 -1.50840272e-01 9.44184785e-01 8.70841468e-01 6.31902914e-01 -4.64603483e-01
3.02968313e-03 5.37348022e-02 5.69575503e-03 5.76663990e-04 -1.50598068e-03 1.57143346e-03 -1.60284450e-02 -1.71698568e-02 1.65899382e-02 -1.23820761e-02
1.31122199e-01 3.13069931e-02 5.76663990e-04 3.88341673e-03 -4.26009342e-04 -4.83559702e-03 3.80584247e-02 3.61744798e-02 9.91904669e-03 -7.26609139e-03
-1.01901340e-01 -3.80551603e-02 -1.50598068e-03 -4.26009342e-04 5.13202176e-03 1.44633426e-02 -9.55953199e-02 -8.90934305e-02 -1.07826426e-02 8.06340219e-03
-7.56929157e-01 -1.50840272e-01 1.57143346e-03 -4.83559702e-03 1.44633426e-02 1.13272421e-01 -7.79697016e-01 -7.37551074e-01 -3.95161589e-02 3.24243236e-02
5.30250615e+00 9.44184785e-01 -1.60284450e-02 3.80584247e-02 -9.55953199e-02 -7.79697016e-01 5.59411037e+00 5.29977550e+00 2.52883265e-01 -2.06462873e-01
5.00336258e+00 8.70841468e-01 -1.71698568e-02 3.61744798e-02 -8.90934305e-02 -7.37551074e-01 5.29977550e+00 5.02444513e+00 2.32635397e-01 -1.91070273e-01
3.80713531e-01 6.31902914e-01 1.65899382e-02 9.91904669e-03 -1.07826426e-02 -3.95161589e-02 2.52883265e-01 2.32635397e-01 2.13991484e-01 -1.56626853e-01
-2.84275508e-01 -4.64603483e-01 -1.23820761e-02 -7.26609139e-03 8.06340219e-03 3.24243236e-02 -2.06462873e-01 -1.91070273e-01 -1.56626853e-01 1.17313406e-01
