9.94519756e+00 5.36431384e-01 1.52943708e-02 1.26240119e-01 -8.75287637e-02 -5.89202094e-01 4.15651115e+00 3.91773701e+00 2.25239588e-01 -1.63837122e-01
5.36431384e-01 4.26681040e-01 2.64490277e-02 1.39047715e-02 -1.32297829e-02 -3.42971779e-02 2.17585814e-01 2.00901897e-01 1.61822192e-01 -1.17976641e-01
1.52943708e-02 2.64490277e-02 5.01720155e-03 7.99887336e-04 -1.36639292e-03 1.99194603e-03 -1.56809009e-02 -1.65582556e-02 1.02020463e-02 -7.30672316e-03
1.26240119e-01 1.39047715e-02 7.99887336e-04 3.87451406e-03 -4.93939780e-04 -4.71081569e-03 3.71809599e-02 3.52048028e-02 5.75866467e-03 -3.98279171e-03
-8.75287637e-02 -1.32297829e-02 -1.36639292e-03 -4.93939780e-04 3.98299086e-03 1.10802425e-02 -7.40643885e-02 -6.89962295e-02 -4.65080679e-03 3.48980794e-03
-5.89202094e-01 -3.42971779e-02 1.99194603e-03 -4.71081569e-03 1.10802425e-02 9.29231461e-02 -6.44096246e-01 -6.10396544e-01 -1.04676006e-02 9.99476054e-03
4.15651115e+00 2.17585814e-01 -1.56809009e-02 3.71809599e-02 -7.40643885e-02 -6.44096246e-01 4.62128430e+00 4.38294494e+00 6.63328528e-02 -6.22954946e-02
3.91773701e+00 2.00901897e-01 -1.65582556e-02 3.52048028e-02 -6.89962295e-02 -6.10396544e-01 4.38294494e+00 4.15997849e+00 6.05894704e-02 -5.79502828e-02
2.25239588e-01 1.61822192e-01 1.02020463e-02 5.75866467e-03 -4.65080679e-03 -1.04676006e-02 6.63328528e-02 6.05894704e-02 6.95718938e-02 -4.98299530e-02
-1.63837122e-01 -1.17976641e-01 -7.30672316e-03 -3.98279171e-03 3.48980794e-03 9.99476054e-03 -6.22954946e-02 -5.79502828e-02 -4.98299530e-02 3.78000226e-02
