2.79938954e+00 -2.23467327e-01 1.18749638e-02 3.47636496e-02 -1.64164026e-02 -8.31405396e-02 6.39538590e-01 5.96596985e-01 3.83626204e-02 -3.40513813e-03
-2.23467327e-01 9.56993189e-02 -8.99600215e-04 -3.46416384e-03 1.75617758e-03 6.67271523e-03 -5.72364550e-02 -5.43942522e-02 9.77664840e-03 -8.72348904e-03
1.18749638e-02 -8.99600215e-04 2.10928544e-03 5.73502000e-04 -6.02616592e-04 1.70438347e-04 -6.82643382e-04 -1.42895396e-03 1.66861490e-03 -1.19175069e-03
3.47636496e-02 -3.46416384e-03 5.73502000e-04 1.82751753e-03 -6.54091176e-05 -9.53353404e-04 8.13860757e-03 7.35392343e-03 1.20403538e-03 -4.50809728e-04
-1.64164026e-02 1.75617758e-03 -6.02616592e-04 -6.54091176e-05 1.27256329e-03 1.01900656e-03 -4.69635706e-03 -3.97571082e-03 -5.24562118e-04 2.39467920e-04
-8.31405396e-02 6.67271523e-03 1.70438347e-04 -9.53353404e-04 1.01900656e-03 6.84364571e-03 -4.20506934e-02 -3.99813455e-02 -4.33580246e-04 2.30369320e-04
6.39538590e-01 -5.72364550e-02 -6.82643382e-04 8.13860757e-03 -4.69635706e-03 -4.20506934e-02 3.22217562e-01 3.06152104e-01 6.11768255e-03 -2.16729772e-03
5.96596985e-01 -5.43942522e-02 -1.42895396e-03 7.35392343e-03 -3.97571082e-03 -3.99813455e-02 3.06152104e-01 2.92188734e-01 4.90776030e-03 -1.84031537e-03
3.83626204e-02 9.77664840e-03 1.66861490e-03 1.20403538e-03 -5.24562118e-04 -4.33580246e-04 6.11768255e-03 4.90776030e-03 1.02345837e-02 -6.79964934e-03
-3.40513813e-03 -8.72348904e-03 -1.19175069e-03 -4.50809728e-04 2.39467920e-04 2.30369320e-04 -2.16729772e-03 -1.84031537e-03 -6.79964934e-03 5.69383755e-03
