1.06472488e+00 -1.09004956e-01 5.63305383e-03 1.79044286e-02 -6.73565263e-03 -2.59458828e-02 2.43145568e-01 2.23831038e-01 9.19259279e-03 6.82560369e-03
-1.09004956e-01 5.44256240e-02 -5.72947019e-04 -2.35315952e-03 8.40105374e-04 3.00392291e-03 -2.92790688e-02 -2.76892710e-02 8.06730953e-03 -6.52344323e-03
5.63305383e-03 -5.72947019e-04 1.56993999e-03 5.45939436e-04 -2.61552433e-04 2.06113424e-04 -4.33057613e-04 -1.09843933e-03 7.83881069e-04 -4.87176378e-04
1.79044286e-02 -2.35315952e-03 5.45939436e-04 1.65939330e-03 -1.03468927e-04 -4.82866010e-04 3.93542377e-03 3.19617231e-03 6.38877035e-04 -6.82066071e-05
-6.73565263e-03 8.40105374e-04 -2.61552433e-04 -1.03468927e-04 9.30565431e-04 5.84850143e-04 -1.77687403e-03 -1.29089452e-03 -2.49746167e-04 -2.13759005e-06
-2.59458828e-02 3.00392291e-03 2.06113424e-04 -4.82866010e-04 5.84850143e-04 2.80948644e-03 -1.43515374e-02 -1.35777749e-02 4.76439558e-04 -2.64290744e-04
2.43145568e-01 -2.92790688e-02 -4.33057613e-04 3.93542377e-03 -1.77687403e-03 -1.43515374e-02 1.25274691e-01 1.18581137e-01 -1.29658999e-03 2.21945110e-03
2.23831038e-01 -2.76892710e-02 -1.09843933e-03 3.19617231e-03 -1.29089452e-03 -1.35777749e-02 1.18581137e-01 1.13443223e-01 -1.98200489e-03 2.28281192e-03
9.19259279e-03 8.06730953e-03 7.83881069e-04 6.38877035e-04 -2.49746167e-04 4.76439558e-04 -1.29658999e-03 -1.98200489e-03 5.72333424e-03 -3.32491079e-03
6.82560369e-03 -6.52344323e-03 -4.87176378e-04 -6.82066071e-05 -2.13759005e-06 -2.64290744e-04 2.21945110e-03 2.28281192e-03 -3.32491079e-03 2.83589978e-03
