4.74287943e+00 -2.37918067e-01 1.70967980e-02 5.31829936e-02 -2.96146817e-02 -1.72931805e-01 1.25471993e+00 1.17700939e+00 7.97562995e-02 -2.78192180e-02
-2.37918067e-01 9.34602730e-02 1.01279026e-03 -2.67519715e-03 1.41893434e-03 8.84726166e-03 -7.27709697e-02 -6.92476268e-02 1.19710394e-02 -1.07304858e-02
1.70967980e-02 1.01279026e-03 2.68733636e-03 6.20431947e-04 -9.20022531e-04 2.01354557e-04 -1.32686743e-03 -2.18826348e-03 2.89286189e-03 -2.12073859e-03
5.31829936e-02 -2.67519715e-03 6.20431947e-04 2.06305439e-03 -7.22985392e-05 -1.62697667e-03 1.37460378e-02 1.27954134e-02 1.86018730e-03 -8.96395313e-04
-2.96146817e-02 1.41893434e-03 -9.20022531e-04 -7.22985392e-05 1.71675818e-03 1.92234150e-03 -1.05035640e-02 -9.35176186e-03 -1.17219300e-03 7.47045110e-04
-1.72931805e-01 8.84726166e-03 2.01354557e-04 -1.62697667e-03 1.92234150e-03 1.52113783e-02 -9.92651881e-02 -9.43467702e-02 -2.28506396e-03 1.46563444e-03
1.25471993e+00 -7.27709697e-02 -1.32686743e-03 1.37460378e-02 -1.05035640e-02 -9.92651881e-02 7.25259922e-01 6.89096391e-01 1.84853240e-02 -1.02375375e-02
1.17700939e+00 -6.92476268e-02 -2.18826348e-03 1.27954134e-02 -9.35176186e-03 -9.43467702e-02 6.89096391e-01 6.56215207e-01 1.65877527e-02 -9.50091288e-03
7.97562995e-02 1.19710394e-02 2.89286189e-03 1.86018730e-03 -1.17219300e-03 -2.28506396e-03 1.84853240e-02 1.65877527e-02 1.60851614e-02 -1.11860050e-02
-2.78192180e-02 -1.07304858e-02 -2.12073859e-03 -8.96395313e-04 7.47045110e-04 1.46563444e-03 -1.02375375e-02 -9.50091288e-03 -1.11860050e-02 9.13300390e-03
