8.11796865e+00 1.65577876e-01 1.93963040e-02 1.04327628e-01 -6.82739319e-02 -4.45400935e-01 3.15420066e+00 2.97104137e+00 1.53663508e-01 -9.82493459e-02
1.65577876e-01 1.56578849e-01 1.45713205e-02 5.97159594e-03 -5.38709561e-03 -4.01173568e-03 1.76729236e-02 1.50811863e-02 6.74417549e-02 -4.99747710e-02
1.93963040e-02 1.45713205e-02 4.21452673e-03 8.03872864e-04 -1.30649502e-03 1.22526488e-03 -9.41592267e-03 -1.03557146e-02 7.09268680e-03 -5.05196103e-03
1.04327628e-01 5.97159594e-03 8.03872864e-04 3.25387209e-03 -3.65397419e-04 -3.83291576e-03 3.07729505e-02 2.90623973e-02 3.88230645e-03 -2.43762368e-03
-6.82739319e-02 -5.38709561e-03 -1.30649502e-03 -3.65397419e-04 3.09231000e-03 7.28413880e-03 -4.76260464e-02 -4.41433560e-02 -2.93784629e-03 2.12271534e-03
-4.45400935e-01 -4.01173568e-03 1.22526488e-03 -3.83291576e-03 7.28413880e-03 6.23854858e-02 -4.30324007e-01 -4.08109759e-01 -4.56782679e-03 4.37796405e-03
3.15420066e+00 1.76729236e-02 -9.41592267e-03 3.07729505e-02 -4.76260464e-02 -4.30324007e-01 3.09015777e+00 2.93210098e+00 2.94333813e-02 -2.63809889e-02
2.97104137e+00 1.50811863e-02 -1.03557146e-02 2.90623973e-02 -4.41433560e-02 -4.08109759e-01 2.93210098e+00 2.78456884e+00 2.65244039e-02 -2.45381341e-02
1.53663508e-01 6.74417549e-02 7.09268680e-03 3.88230645e-03 -2.93784629e-03 -4.56782679e-03 2.94333813e-02 2.65244039e-02 3.86346446e-02 -2.73753341e-02
-9.82493459e-02 -4.99747710e-02 -5.05196103e-03 -2.43762368e-03 2.12271534e-03 4.37796405e-03 -2.63809889e-02 -2.45381341e-02 -2.73753341e-02 2.11305790e-02
