8.30830555e+00 2.30851244e+00 -1.21396743e-02 6.30802875e-02 -5.02473548e-03 -2.41326011e-01 1.75074690e+00 1.66072014e+00 -7.50720146e-01 6.36647621e-01
2.30851244e+00 1.04845287e+01 9.47934274e-02 7.27389139e-02 -7.10144462e-02 -3.97511596e-01 2.28219588e+00 2.09089576e+00 1.80982950e+00 -1.42345172e+00
-1.21396743e-02 9.47934274e-02 6.23500484e-03 7.59270987e-04 -1.86895648e-03 -3.59642288e-03 1.34549055e-02 1.03053814e-02 1.10211410e-02 -8.27378112e-03
6.30802875e-02 7.27389139e-02 7.59270987e-04 4.51145649e-03 -7.58158536e-04 -2.80123948e-03 2.24181022e-02 2.11624847e-02 4.97273096e-03 -2.31948393e-03
-5.02473548e-03 -7.10144462e-02 -1.86895648e-03 -7.58158536e-04 4.76090460e-03 6.18309976e-03 -2.77068988e-02 -2.41066733e-02 -1.05152181e-02 7.19194850e-03
-2.41326011e-01 -3.97511596e-01 -3.59642288e-03 -2.80123948e-03 6.18309976e-03 4.16763086e-02 -2.41519235e-01 -2.22698407e-01 -2.61605962e-02 2.02424044e-02
1.75074690e+00 2.28219588e+00 1.34549055e-02 2.24181022e-02 -2.77068988e-02 -2.41519235e-01 1.65609539e+00 1.54053790e+00 1.29162017e-01 -1.02344488e-01
1.66072014e+00 2.09089576e+00 1.03053814e-02 2.11624847e-02 -2.41066733e-02 -2.22698407e-01 1.54053790e+00 1.43867598e+00 9.70375573e-02 -7.91961590e-02
-7.50720146e-01 1.80982950e+00 1.10211410e-02 4.97273096e-03 -1.05152181e-02 -2.61605962e-02 1.29162017e-01 9.70375573e-02 7.66594014e-01 -6.07932741e-01
6.36647621e-01 -1.42345172e+00 -8.27378112e-03 -2.31948393e-03 7.19194850e-03 2.02424044e-02 -1.02344488e-01 -7.91961590e-02 -6.07932741e-01 4.91093283e-01
