4.87758877e+00 8.69187010e-01 -2.30827217e-02 3.71632633e-02 6.04213179e-03 -1.04068924e-01 8.04164679e-01 7.67514497e-01 -7.13349851e-01 5.95468563e-01
8.69187010e-01 1.01345617e+01 8.34309664e-02 7.46890000e-02 -5.59767392e-02 -3.40854669e-01 1.96188330e+00 1.80061637e+00 1.38707997e+00 -1.11931677e+00
-2.30827217e-02 8.34309664e-02 5.29501285e-03 8.76850503e-04 -1.38173036e-03 -2.99957094e-03 1.26962437e-02 9.84948594e-03 4.72292266e-03 -3.47064573e-03
3.71632633e-02 7.46890000e-02 8.76850503e-04 4.41983878e-03 -6.63211852e-04 -2.17632659e-03 1.73645346e-02 1.62340749e-02 1.37549580e-03 3.33666448e-04
6.04213179e-03 -5.59767392e-02 -1.38173036e-03 -6.63211852e-04 3.80413737e-03 4.16848464e-03 -1.69460855e-02 -1.44081624e-02 -6.92663524e-03 4.74018291e-03
-1.04068924e-01 -3.40854669e-01 -2.99957094e-03 -2.17632659e-03 4.16848464e-03 2.88635555e-02 -1.58528631e-01 -1.44863202e-01 -1.59605913e-02 1.28146813e-02
8.04164679e-01 1.96188330e+00 1.26962437e-02 1.73645346e-02 -1.69460855e-02 -1.58528631e-01 1.06357810e+00 9.82124454e-01 5.84048331e-02 -5.06605054e-02
7.67514497e-01 1.80061637e+00 9.84948594e-03 1.62340749e-02 -1.44081624e-02 -1.44863202e-01 9.82124454e-01 9.12383658e-01 3.28372977e-02 -3.23552609e-02
-7.13349851e-01 1.38707997e+00 4.72292266e-03 1.37549580e-03 -6.92663524e-03 -1.59605913e-02 5.84048331e-02 3.28372977e-02 7.23325947e-01 -5.78805938e-01
5.95468563e-01 -1.11931677e+00 -3.47064573e-03 3.33666448e-04 4.74018291e-03 1.28146813e-02 -5.06605054e-02 -3.23552609e-02 -5.78805938e-01 4.71415961e-01
