6.46009761e+00 -9.79590486e-02 1.96507119e-02 7.65478095e-02 -4.72040669e-02 -2.97257906e-01 2.11718953e+00 1.99166360e+00 1.13235264e-01 -5.67817895e-02
-9.79590486e-02 8.21417643e-02 6.01062042e-03 3.46262068e-04 -7.99146134e-04 7.11163897e-03 -5.98348731e-02 -5.71625855e-02 2.56807056e-02 -2.03299356e-02
1.96507119e-02 6.01062042e-03 3.34047720e-03 7.08559689e-04 -1.15420112e-03 4.96941855e-04 -3.81266169e-03 -4.75472314e-03 4.60931811e-03 -3.33537567e-03
7.65478095e-02 3.46262068e-04 7.08559689e-04 2.50784602e-03 -1.79877863e-04 -2.62678091e-03 2.16099672e-02 2.03250157e-02 2.63592585e-03 -1.45443726e-03
-4.72040669e-02 -7.99146134e-04 -1.15420112e-03 -1.79877863e-04 2.28108866e-03 3.88148249e-03 -2.38581294e-02 -2.18382726e-02 -1.96903786e-03 1.35193756e-03
-2.97257906e-01 7.11163897e-03 4.96941855e-04 -2.62678091e-03 3.88148249e-03 3.30063071e-02 -2.23676363e-01 -2.12330423e-01 -3.51266253e-03 2.64311477e-03
2.11718953e+00 -5.98348731e-02 -3.81266169e-03 2.16099672e-02 -2.38581294e-02 -2.23676363e-01 1.61083324e+00 1.52935447e+00 2.49286129e-02 -1.65919264e-02
1.99166360e+00 -5.71625855e-02 -4.75472314e-03 2.03250157e-02 -2.18382726e-02 -2.12330423e-01 1.52935447e+00 1.45381019e+00 2.26094564e-02 -1.54758929e-02
1.13235264e-01 2.56807056e-02 4.60931811e-03 2.63592585e-03 -1.96903786e-03 -3.51266253e-03 2.49286129e-02 2.26094564e-02 2.35443080e-02 -1.65594913e-02
-5.67817895e-02 -2.03299356e-02 -3.33537567e-03 -1.45443726e-03 1.35193756e-03 2.64311477e-03 -1.65919264e-02 -1.54758929e-02 -1.65594913e-02 1.30979099e-02
