1.65259065e+01 2.60879765e+00 1.41167181e-03 1.05288531e-01 -7.17958096e-02 -6.97328865e-01 4.87238111e+00 4.60834167e+00 1.04630336e-01 -3.88412641e-02
2.60879765e+00 6.01591568e+00 8.27285469e-02 4.74626572e-02 -7.30555520e-02 -3.17100396e-01 1.88956379e+00 1.73042502e+00 1.64336927e+00 -1.23535677e+00
1.41167181e-03 8.27285469e-02 6.31978442e-03 3.74569895e-04 -2.05658273e-03 -1.39981418e-03 -7.91757670e-04 -2.98428485e-03 2.14782100e-02 -1.64213695e-02
1.05288531e-01 4.74626572e-02 3.74569895e-04 3.65175958e-03 -4.37064710e-04 -3.96948203e-03 3.24503276e-02 3.09998992e-02 1.14615122e-02 -8.09842768e-03
-7.17958096e-02 -7.30555520e-02 -2.05658273e-03 -4.37064710e-04 5.75095297e-03 1.25008868e-02 -7.53081155e-02 -6.92604948e-02 -1.69100918e-02 1.21885698e-02
-6.97328865e-01 -3.17100396e-01 -1.39981418e-03 -3.96948203e-03 1.25008868e-02 8.87666243e-02 -5.87841092e-01 -5.53068920e-01 -5.74953397e-02 4.45102711e-02
4.87238111e+00 1.88956379e+00 -7.91757670e-04 3.24503276e-02 -7.53081155e-02 -5.87841092e-01 4.19884010e+00 3.96402476e+00 3.55658133e-01 -2.75098809e-01
4.60834167e+00 1.73042502e+00 -2.98428485e-03 3.09998992e-02 -6.92604948e-02 -5.53068920e-01 3.96402476e+00 3.74637766e+00 3.19791835e-01 -2.48683357e-01
1.04630336e-01 1.64336927e+00 2.14782100e-02 1.14615122e-02 -1.69100918e-02 -5.74953397e-02 3.55658133e-01 3.19791835e-01 5.27843292e-01 -3.98686267e-01
-3.88412641e-02 -1.23535677e+00 -1.64213695e-02 -8.09842768e-03 1.21885698e-02 4.45102711e-02 -2.75098809e-01 -2.48683357e-01 -3.98686267e-01 3.06369180e-01
