3.05700942e-01 -3.70818635e-02 1.28983881e-03 2.86467976e-03 -8.77592376e-04 -3.03916166e-03 6.83210998e-02 6.17585921e-02 1.07562769e-03 4.65698357e-03
-3.70818635e-02 2.45859795e-02 2.40267562e-04 -6.52404294e-04 -1.65863562e-04 3.84390117e-04 -9.83271271e-03 -9.37218592e-03 7.72493565e-03 -5.58438252e-03
1.28983881e-03 2.40267562e-04 1.28994209e-03 5.19471225e-04 -3.73772449e-06 3.12513795e-04 -4.65564679e-04 -1.11523712e-03 1.11911445e-04 1.89435520e-05
2.86467976e-03 -6.52404294e-04 5.19471225e-04 1.60861840e-03 -1.27305918e-04 -1.21892645e-04 5.99249231e-04 -1.54007939e-04 -7.77970200e-06 3.91846185e-04
-8.77592376e-04 -1.65863562e-04 -3.73772449e-06 -1.27305918e-04 8.57133781e-04 5.45686902e-04 -6.59695517e-04 -2.63316181e-04 -3.26389483e-04 8.00023934e-05
-3.03916166e-03 3.84390117e-04 3.12513795e-04 -1.21892645e-04 5.45686902e-04 1.62109598e-03 -3.42224734e-03 -3.15544804e-03 1.47227644e-04 9.41319882e-05
6.83210998e-02 -9.83271271e-03 -4.65564679e-04 5.99249231e-04 -6.59695517e-04 -3.42224734e-03 3.78680672e-02 3.53288750e-02 -1.73251181e-03 2.17177517e-03
6.17585921e-02 -9.37218592e-03 -1.11523712e-03 -1.54007939e-04 -2.63316181e-04 -3.15544804e-03 3.53288750e-02 3.42201091e-02 -2.09739392e-03 2.04068919e-03
1.07562769e-03 7.72493565e-03 1.11911445e-04 -7.77970200e-06 -3.26389483e-04 1.47227644e-04 -1.73251181e-03 -2.09739392e-03 5.76052831e-03 -3.35401454e-03
4.65698357e-03 -5.58438252e-03 1.89435520e-05 3.91846185e-04 8.00023934e-05 9.41319882e-05 2.17177517e-03 2.04068919e-03 -3.35401454e-03 2.94668728e-03
