1.60567455e+01 3.34937150e+00 3.39010567e-03 9.79452194e-02 -4.60053229e-02 -5.82689384e-01 4.07938337e+00 3.86115341e+00 -2.88456382e-01 2.88256549e-01
3.34937150e+00 8.80119740e+00 9.84132987e-02 5.88918356e-02 -8.59762593e-02 -4.02453853e-01 2.33735992e+00 2.13700456e+00 2.12509010e+00 -1.61967164e+00
3.39010567e-03 9.84132987e-02 7.06327099e-03 4.53002129e-04 -2.39243764e-03 -3.09818121e-03 7.89609704e-03 4.91647095e-03 2.14435320e-02 -1.63399286e-02
9.79452194e-02 5.88918356e-02 4.53002129e-04 4.15996147e-03 -6.21702127e-04 -3.73858610e-03 3.08199141e-02 2.94197036e-02 1.07501985e-02 -7.08469198e-03
-4.60053229e-02 -8.59762593e-02 -2.39243764e-03 -6.21702127e-04 6.08958429e-03 1.07393705e-02 -5.83337106e-02 -5.27254755e-02 -1.73105463e-02 1.21813727e-02
-5.82689384e-01 -4.02453853e-01 -3.09818121e-03 -3.73858610e-03 1.07393705e-02 7.30019427e-02 -4.62223520e-01 -4.32305542e-01 -5.18938064e-02 3.95988713e-02
4.07938337e+00 2.33735992e+00 7.89609704e-03 3.08199141e-02 -5.83337106e-02 -4.62223520e-01 3.26610430e+00 3.07098830e+00 3.07683806e-01 -2.35522448e-01
3.86115341e+00 2.13700456e+00 4.91647095e-03 2.94197036e-02 -5.27254755e-02 -4.32305542e-01 3.07098830e+00 2.89256520e+00 2.67759857e-01 -2.06484460e-01
-2.88456382e-01 2.12509010e+00 2.14435320e-02 1.07501985e-02 -1.73105463e-02 -5.18938064e-02 3.07683806e-01 2.67759857e-01 7.16107909e-01 -5.51980031e-01
2.88256549e-01 -1.61967164e+00 -1.63399286e-02 -7.08469198e-03 1.21813727e-02 3.95988713e-02 -2.35522448e-01 -2.06484460e-01 -5.51980031e-01 4.33330458e-01
